100, 0, 0, 
99, 1, 0, 
98.158, 1.834, 0.008, 
97.398, 2.582, 0.02, 
96.6885, 3.271, 0.0405, 
96.0345, 3.907, 0.0585, 
95.4305, 4.4845, 0.085, 
94.841, 5.054, 0.105, 
94.3555, 5.5085, 0.136, 
93.875, 5.954, 0.171, 
93.404, 6.3955, 0.2005, 
92.93, 6.8495, 0.2205, 
92.4995, 7.2425, 0.258, 
92.046, 7.67, 0.284, 
91.614, 8.0625, 0.3235, 
91.194, 8.44, 0.366, 
90.781, 8.8275, 0.3915, 
90.406, 9.175, 0.419, 
90.04, 9.5095, 0.4505, 
89.651, 9.8565, 0.4925, 
89.2995, 10.174, 0.5265, 
88.97, 10.4685, 0.5615, 
88.6445, 10.7475, 0.608, 
88.3305, 11.0205, 0.649, 
87.995, 11.3255, 0.6795, 
87.6845, 11.588, 0.7275, 
87.343, 11.876, 0.781, 
87.0455, 12.1285, 0.826, 
86.752, 12.386, 0.862, 
86.4465, 12.643, 0.9105, 
86.1765, 12.8725, 0.951, 
85.9025, 13.099, 0.9985, 
85.6025, 13.362, 1.0355, 
85.313, 13.6085, 1.0785, 
85.043, 13.838, 1.119, 
84.766, 14.078, 1.156, 
84.489, 14.3065, 1.2045, 
84.2235, 14.539, 1.2375, 
83.945, 14.775, 1.28, 
83.7125, 14.966, 1.3215, 
83.473, 15.162, 1.365, 
83.2075, 15.392, 1.4005, 
82.9555, 15.5945, 1.45, 
82.655, 15.861, 1.484, 
82.439, 16.043, 1.518, 
82.1815, 16.2555, 1.563, 
81.9375, 16.4495, 1.613, 
81.684, 16.65, 1.666, 
81.447, 16.8435, 1.7095, 
81.1595, 17.0815, 1.759, 
80.924, 17.2775, 1.7985, 
80.692, 17.4475, 1.8605, 
80.436, 17.648, 1.916, 
80.201, 17.842, 1.957, 
79.992, 18.0185, 1.9895, 
79.763, 18.193, 2.044, 
79.5855, 18.322, 2.0925, 
79.3735, 18.473, 2.1535, 
79.169, 18.613, 2.218, 
78.915, 18.7955, 2.2895, 
78.6915, 18.964, 2.3445, 
78.4865, 19.1185, 2.395, 
78.241, 19.328, 2.431, 
78.0015, 19.5355, 2.463, 
77.7565, 19.722, 2.5215, 
77.572, 19.861, 2.567, 
77.35, 20.0355, 2.6145, 
77.1045, 20.213, 2.6825, 
76.9135, 20.3655, 2.721, 
76.715, 20.5365, 2.7485, 
76.561, 20.638, 2.801, 
76.3505, 20.7985, 2.851, 
76.186, 20.9085, 2.9055, 
75.9745, 21.0725, 2.953, 
75.781, 21.2065, 3.0125, 
75.6185, 21.316, 3.0655, 
75.446, 21.444, 3.11, 
75.255, 21.5925, 3.1525, 
75.0835, 21.699, 3.2175, 
74.9295, 21.8015, 3.269, 
74.772, 21.91, 3.318, 
74.607, 22.0325, 3.3605, 
74.4305, 22.171, 3.3985, 
74.2735, 22.278, 3.4485, 
74.0785, 22.42, 3.5015, 
73.927, 22.526, 3.547, 
73.747, 22.6665, 3.5865, 
73.55, 22.816, 3.634, 
73.3925, 22.93, 3.6775, 
73.2075, 23.0535, 3.739, 
73.0575, 23.1445, 3.798, 
72.8735, 23.274, 3.8525, 
72.7155, 23.371, 3.9135, 
72.5195, 23.507, 3.9735, 
72.3725, 23.608, 4.0195, 
72.2035, 23.711, 4.0855, 
72.051, 23.806, 4.143, 
71.8825, 23.915, 4.2025, 
71.723, 24.002, 4.275, 
71.5525, 24.1205, 4.327, 
71.368, 24.2475, 4.3845, 
71.2225, 24.349, 4.4285, 
71.049, 24.4435, 4.5075, 
70.868, 24.5775, 4.5545, 
70.7325, 24.672, 4.5955, 
70.6185, 24.754, 4.6275, 
70.4335, 24.8875, 4.679, 
70.2665, 25.003, 4.7305, 
70.114, 25.1105, 4.7755, 
69.9555, 25.2035, 4.841, 
69.79, 25.311, 4.899, 
69.6495, 25.3965, 4.954, 
69.544, 25.467, 4.989, 
69.384, 25.5785, 5.0375, 
69.2325, 25.6785, 5.089, 
69.0735, 25.782, 5.1445, 
68.936, 25.8545, 5.2095, 
68.7945, 25.9385, 5.267, 
68.6555, 26.039, 5.3055, 
68.5025, 26.126, 5.3715, 
68.352, 26.219, 5.429, 
68.24, 26.2845, 5.4755, 
68.106, 26.3575, 5.5365, 
67.968, 26.4145, 5.6175, 
67.834, 26.4915, 5.6745, 
67.674, 26.597, 5.729, 
67.549, 26.652, 5.799, 
67.386, 26.7485, 5.8655, 
67.256, 26.8225, 5.9215, 
67.1085, 26.927, 5.9645, 
66.935, 27.034, 6.031, 
66.791, 27.1395, 6.0695, 
66.671, 27.194, 6.135, 
66.502, 27.309, 6.189, 
66.3915, 27.3755, 6.233, 
66.2695, 27.455, 6.2755, 
66.123, 27.5615, 6.3155, 
65.9775, 27.649, 6.3735, 
65.845, 27.7205, 6.4345, 
65.698, 27.802, 6.5, 
65.5615, 27.874, 6.5645, 
65.428, 27.948, 6.624, 
65.272, 28.0475, 6.6805, 
65.1335, 28.145, 6.7215, 
65.0125, 28.2215, 6.766, 
64.876, 28.306, 6.818, 
64.728, 28.402, 6.87, 
64.5935, 28.479, 6.9275, 
64.4595, 28.5535, 6.987, 
64.3395, 28.632, 7.0285, 
64.211, 28.6875, 7.1015, 
64.0715, 28.75, 7.1785, 
63.9105, 28.8425, 7.247, 
63.796, 28.9155, 7.2885, 
63.658, 28.9945, 7.3475, 
63.5175, 29.0785, 7.404, 
63.403, 29.1345, 7.4625, 
63.2545, 29.2265, 7.519, 
63.116, 29.322, 7.562, 
63.0025, 29.376, 7.6215, 
62.9035, 29.4235, 7.673, 
62.778, 29.4835, 7.7385, 
62.675, 29.556, 7.769, 
62.5515, 29.622, 7.8265, 
62.41, 29.701, 7.889, 
62.2545, 29.7865, 7.959, 
62.143, 29.8335, 8.0235, 
61.969, 29.94, 8.091, 
61.8635, 29.9875, 8.149, 
61.705, 30.098, 8.197, 
61.591, 30.154, 8.255, 
61.5105, 30.179, 8.3105, 
61.387, 30.257, 8.356, 
61.27, 30.306, 8.424, 
61.1525, 30.356, 8.4915, 
61.0305, 30.435, 8.5345, 
60.935, 30.479, 8.586, 
60.807, 30.549, 8.644, 
60.677, 30.6085, 8.7145, 
60.5725, 30.6595, 8.768, 
60.4535, 30.7175, 8.829, 
60.3535, 30.779, 8.8675, 
60.206, 30.874, 8.92, 
60.0875, 30.941, 8.9715, 
59.9505, 31.003, 9.0465, 
59.7735, 31.1095, 9.117, 
59.6785, 31.152, 9.1695, 
59.5685, 31.21, 9.2215, 
59.427, 31.2855, 9.2875, 
59.331, 31.341, 9.328, 
59.203, 31.408, 9.389, 
59.0655, 31.4805, 9.454, 
58.9405, 31.5535, 9.506, 
58.8515, 31.5935, 9.555, 
58.7215, 31.6565, 9.622, 
58.6, 31.718, 9.682, 
58.5095, 31.76, 9.7305, 
58.4105, 31.792, 9.7975, 
58.312, 31.835, 9.853, 
58.1455, 31.936, 9.9185, 
58.082, 31.955, 9.963, 
58.0135, 31.9845, 10.002, 
57.9245, 32.0065, 10.069, 
57.8205, 32.061, 10.1185, 
57.727, 32.096, 10.177, 
57.619, 32.1445, 10.2365, 
57.5145, 32.1895, 10.296, 
57.429, 32.218, 10.353, 
57.3295, 32.2785, 10.392, 
57.208, 32.338, 10.454, 
57.08, 32.4085, 10.5115, 
56.9905, 32.423, 10.5865, 
56.9025, 32.4705, 10.627, 
56.7975, 32.5145, 10.688, 
56.685, 32.569, 10.746, 
56.5955, 32.5695, 10.835, 
56.495, 32.5985, 10.9065, 
56.3695, 32.6585, 10.972, 
56.2935, 32.679, 11.0275, 
56.203, 32.724, 11.073, 
56.115, 32.775, 11.11, 
56.0025, 32.8265, 11.171, 
55.9125, 32.887, 11.2005, 
55.8085, 32.928, 11.2635, 
55.7345, 32.9395, 11.326, 
55.6415, 32.998, 11.3605, 
55.5485, 33.055, 11.3965, 
55.4125, 33.115, 11.4725, 
55.3355, 33.1465, 11.518, 
55.236, 33.1885, 11.5755, 
55.169, 33.2085, 11.6225, 
55.0845, 33.249, 11.6665, 
54.9825, 33.3015, 11.716, 
54.8695, 33.359, 11.7715, 
54.773, 33.404, 11.823, 
54.647, 33.4815, 11.8715, 
54.593, 33.5035, 11.9035, 
54.4635, 33.567, 11.9695, 
54.3575, 33.6085, 12.034, 
54.297, 33.62, 12.083, 
54.207, 33.663, 12.13, 
54.1135, 33.675, 12.2115, 
54.0195, 33.715, 12.2655, 
53.918, 33.7595, 12.3225, 
53.792, 33.8245, 12.3835, 
53.698, 33.871, 12.431, 
53.627, 33.887, 12.486, 
53.545, 33.892, 12.563, 
53.465, 33.918, 12.617, 
53.415, 33.946, 12.639, 
53.3235, 33.966, 12.7105, 
53.2195, 33.9995, 12.781, 
53.155, 34.01, 12.835, 
53.028, 34.072, 12.9, 
52.938, 34.114, 12.948, 
52.907, 34.1205, 12.9725, 
52.814, 34.1505, 13.0355, 
52.724, 34.173, 13.103, 
52.6285, 34.2135, 13.158, 
52.528, 34.266, 13.206, 
52.4445, 34.301, 13.2545, 
52.367, 34.305, 13.328, 
52.252, 34.3485, 13.3995, 
52.1725, 34.3755, 13.452, 
52.126, 34.3735, 13.5005, 
52.0345, 34.4035, 13.562, 
51.991, 34.395, 13.614, 
51.907, 34.4365, 13.6565, 
51.838, 34.4285, 13.7335, 
51.76, 34.4435, 13.7965, 
51.655, 34.4715, 13.8735, 
51.586, 34.4895, 13.9245, 
51.491, 34.546, 13.963, 
51.4125, 34.583, 14.0045, 
51.344, 34.591, 14.065, 
51.249, 34.604, 14.147, 
51.1565, 34.6665, 14.177, 
51.078, 34.6805, 14.2415, 
50.981, 34.702, 14.317, 
50.9185, 34.7065, 14.375, 
50.829, 34.745, 14.426, 
50.731, 34.778, 14.491, 
50.6575, 34.792, 14.5505, 
50.582, 34.8165, 14.6015, 
50.4655, 34.8775, 14.657, 
50.37, 34.8985, 14.7315, 
50.299, 34.882, 14.819, 
50.2125, 34.9075, 14.88, 
50.101, 34.9595, 14.9395, 
49.99, 35.024, 14.986, 
49.886, 35.0705, 15.0435, 
49.787, 35.119, 15.094, 
49.724, 35.1245, 15.1515, 
49.6605, 35.15, 15.1895, 
49.62, 35.136, 15.244, 
49.5635, 35.15, 15.2865, 
49.4805, 35.166, 15.3535, 
49.3795, 35.187, 15.4335, 
49.269, 35.2135, 15.5175, 
49.179, 35.2615, 15.5595, 
49.123, 35.277, 15.6, 
49.022, 35.302, 15.676, 
48.942, 35.33, 15.728, 
48.8485, 35.356, 15.7955, 
48.789, 35.3785, 15.8325, 
48.6985, 35.395, 15.9065, 
48.619, 35.4185, 15.9625, 
48.538, 35.4215, 16.0405, 
48.463, 35.4515, 16.0855, 
48.37, 35.4735, 16.1565, 
48.283, 35.5, 16.217, 
48.176, 35.5385, 16.2855, 
48.0885, 35.542, 16.3695, 
47.9855, 35.5875, 16.427, 
47.91, 35.6025, 16.4875, 
47.8475, 35.5985, 16.554, 
47.7765, 35.6085, 16.615, 
47.7125, 35.614, 16.6735, 
47.6465, 35.6255, 16.728, 
47.579, 35.642, 16.779, 
47.52, 35.646, 16.834, 
47.417, 35.676, 16.907, 
47.2955, 35.72, 16.9845, 
47.223, 35.718, 17.059, 
47.134, 35.746, 17.12, 
47.079, 35.731, 17.19, 
47.0145, 35.745, 17.2405, 
46.9625, 35.7365, 17.301, 
46.8785, 35.7595, 17.362, 
46.8135, 35.782, 17.4045, 
46.7035, 35.831, 17.4655, 
46.5735, 35.892, 17.5345, 
46.5005, 35.8855, 17.614, 
46.44, 35.897, 17.663, 
46.346, 35.9285, 17.7255, 
46.235, 36.001, 17.764, 
46.136, 36.045, 17.819, 
46.07, 36.0785, 17.8515, 
46.001, 36.0915, 17.9075, 
45.933, 36.1155, 17.9515, 
45.862, 36.1135, 18.0245, 
45.775, 36.115, 18.11, 
45.719, 36.127, 18.154, 
45.6245, 36.1265, 18.249, 
45.5505, 36.1785, 18.271, 
45.4175, 36.2525, 18.33, 
45.3275, 36.28, 18.3925, 
45.2375, 36.2915, 18.471, 
45.183, 36.2815, 18.5355, 
45.097, 36.3035, 18.5995, 
45.025, 36.3275, 18.6475, 
44.961, 36.349, 18.69, 
44.88, 36.3785, 18.7415, 
44.808, 36.3915, 18.8005, 
44.726, 36.401, 18.873, 
44.6405, 36.407, 18.9525, 
44.5835, 36.3885, 19.028, 
44.53, 36.3955, 19.0745, 
44.462, 36.3965, 19.1415, 
44.356, 36.4295, 19.2145, 
44.289, 36.432, 19.279, 
44.2165, 36.4465, 19.337, 
44.1495, 36.445, 19.4055, 
44.097, 36.4585, 19.4445, 
44.0225, 36.4645, 19.513, 
43.9405, 36.482, 19.5775, 
43.88, 36.4645, 19.6555, 
43.806, 36.481, 19.713, 
43.7135, 36.488, 19.7985, 
43.639, 36.4925, 19.8685, 
43.577, 36.5155, 19.9075, 
43.478, 36.548, 19.974, 
43.389, 36.573, 20.038, 
43.317, 36.567, 20.116, 
43.2925, 36.5405, 20.167, 
43.2455, 36.561, 20.1935, 
43.1595, 36.573, 20.2675, 
43.0935, 36.565, 20.3415, 
43.0145, 36.581, 20.4045, 
42.924, 36.591, 20.485, 
42.8585, 36.5875, 20.554, 
42.781, 36.5935, 20.6255, 
42.751, 36.6015, 20.6475, 
42.631, 36.641, 20.728, 
42.5695, 36.6445, 20.786, 
42.4885, 36.6815, 20.83, 
42.433, 36.681, 20.886, 
42.368, 36.706, 20.926, 
42.3155, 36.7065, 20.978, 
42.238, 36.699, 21.063, 
42.1775, 36.7, 21.1225, 
42.104, 36.7105, 21.1855, 
42.0165, 36.738, 21.2455, 
41.9445, 36.7505, 21.305, 
41.8735, 36.7705, 21.356, 
41.814, 36.7765, 21.4095, 
41.76, 36.771, 21.469, 
41.7205, 36.7435, 21.536, 
41.662, 36.76, 21.578, 
41.6025, 36.7355, 21.662, 
41.5145, 36.734, 21.7515, 
41.456, 36.7075, 21.8365, 
41.389, 36.7525, 21.8585, 
41.3205, 36.774, 21.9055, 
41.2425, 36.7575, 22, 
41.1565, 36.763, 22.0805, 
41.1045, 36.788, 22.1075, 
41.035, 36.793, 22.172, 
40.948, 36.8215, 22.2305, 
40.8705, 36.8435, 22.286, 
40.795, 36.849, 22.356, 
40.7395, 36.8845, 22.376, 
40.7025, 36.863, 22.4345, 
40.646, 36.855, 22.499, 
40.575, 36.858, 22.567, 
40.496, 36.882, 22.622, 
40.4605, 36.9005, 22.639, 
40.413, 36.9015, 22.6855, 
40.359, 36.9045, 22.7365, 
40.307, 36.9175, 22.7755, 
40.195, 36.941, 22.864, 
40.151, 36.9385, 22.9105, 
40.111, 36.9065, 22.9825, 
40.0645, 36.903, 23.0325, 
39.991, 36.9105, 23.0985, 
39.9445, 36.9055, 23.15, 
39.8935, 36.898, 23.2085, 
39.8275, 36.9265, 23.246, 
39.7395, 36.9575, 23.303, 
39.69, 36.932, 23.378, 
39.5955, 36.974, 23.4305, 
39.5215, 36.9815, 23.497, 
39.468, 36.9875, 23.5445, 
39.3865, 37.0025, 23.611, 
39.3505, 36.991, 23.6585, 
39.2585, 37.0155, 23.726, 
39.1925, 37.032, 23.7755, 
39.152, 37.023, 23.825, 
39.095, 36.99, 23.915, 
39.022, 37.0095, 23.9685, 
38.944, 37.0395, 24.0165, 
38.8715, 37.032, 24.0965, 
38.7975, 37.006, 24.1965, 
38.7575, 36.979, 24.2635, 
38.7055, 36.9975, 24.297, 
38.6545, 36.9955, 24.35, 
38.6065, 36.9895, 24.404, 
38.557, 36.9775, 24.4655, 
38.5025, 36.9445, 24.553, 
38.4055, 36.969, 24.6255, 
38.3645, 36.9545, 24.681, 
38.302, 36.9555, 24.7425, 
38.2515, 36.9605, 24.788, 
38.1955, 36.9835, 24.821, 
38.124, 36.9815, 24.8945, 
38.077, 37.0115, 24.9115, 
38.0225, 37.0325, 24.945, 
37.963, 37.0295, 25.0075, 
37.8945, 37.042, 25.0635, 
37.8015, 37.079, 25.1195, 
37.7425, 37.073, 25.1845, 
37.683, 37.075, 25.242, 
37.6305, 37.0625, 25.307, 
37.577, 37.0385, 25.3845, 
37.533, 37.033, 25.434, 
37.4845, 37.0235, 25.492, 
37.4025, 37.043, 25.5545, 
37.3525, 37.0585, 25.589, 
37.2865, 37.061, 25.6525, 
37.214, 37.066, 25.72, 
37.135, 37.0935, 25.7715, 
37.086, 37.08, 25.834, 
37.0315, 37.0485, 25.92, 
36.9255, 37.0745, 26, 
36.887, 37.067, 26.046, 
36.8245, 37.081, 26.0945, 
36.747, 37.0845, 26.1685, 
36.6925, 37.0815, 26.226, 
36.654, 37.077, 26.269, 
36.584, 37.094, 26.322, 
36.514, 37.0915, 26.3945, 
36.454, 37.087, 26.459, 
36.3755, 37.0945, 26.53, 
36.3365, 37.079, 26.5845, 
36.248, 37.1205, 26.6315, 
36.1715, 37.1375, 26.691, 
36.0735, 37.141, 26.7855, 
36.0005, 37.1345, 26.865, 
35.9525, 37.131, 26.9165, 
35.8815, 37.119, 26.9995, 
35.799, 37.13, 27.071, 
35.727, 37.132, 27.141, 
35.677, 37.12, 27.203, 
35.624, 37.1495, 27.2265, 
35.5395, 37.1505, 27.31, 
35.4775, 37.1245, 27.398, 
35.414, 37.1375, 27.4485, 
35.3685, 37.1445, 27.487, 
35.325, 37.154, 27.521, 
35.297, 37.143, 27.56, 
35.217, 37.1615, 27.6215, 
35.152, 37.1525, 27.6955, 
35.1265, 37.129, 27.7445, 
35.056, 37.155, 27.789, 
34.9905, 37.138, 27.8715, 
34.9675, 37.131, 27.9015, 
34.8845, 37.14, 27.9755, 
34.812, 37.1495, 28.0385, 
34.7445, 37.1425, 28.113, 
34.678, 37.153, 28.169, 
34.607, 37.154, 28.239, 
34.548, 37.158, 28.294, 
34.499, 37.1755, 28.3255, 
34.4455, 37.158, 28.3965, 
34.3665, 37.1575, 28.476, 
34.305, 37.1575, 28.5375, 
34.2335, 37.2015, 28.565, 
34.165, 37.201, 28.634, 
34.128, 37.1725, 28.6995, 
34.092, 37.1475, 28.7605, 
34.033, 37.17, 28.797, 
33.977, 37.1815, 28.8415, 
33.926, 37.19, 28.884, 
33.904, 37.1505, 28.9455, 
33.8335, 37.1655, 29.001, 
33.7555, 37.154, 29.0905, 
33.6975, 37.17, 29.1325, 
33.666, 37.135, 29.199, 
33.6115, 37.106, 29.2825, 
33.529, 37.1075, 29.3635, 
33.5175, 37.063, 29.4195, 
33.482, 37.0515, 29.4665, 
33.421, 37.0825, 29.4965, 
33.354, 37.049, 29.597, 
33.315, 37.023, 29.662, 
33.258, 37.047, 29.695, 
33.199, 37.044, 29.757, 
33.1765, 37.025, 29.7985, 
33.1215, 37.0195, 29.859, 
33.063, 36.991, 29.946, 
32.992, 36.9955, 30.0125, 
32.944, 36.9615, 30.0945, 
32.8995, 36.963, 30.1375, 
32.8105, 37.0085, 30.181, 
32.7715, 37.008, 30.2205, 
32.7025, 37.0085, 30.289, 
32.6555, 37.012, 30.3325, 
32.603, 37, 30.397, 
32.58, 36.992, 30.428, 
32.529, 36.982, 30.489, 
32.4765, 36.98, 30.5435, 
32.4425, 36.9695, 30.588, 
32.3945, 36.966, 30.6395, 
32.349, 36.9545, 30.6965, 
32.297, 36.968, 30.735, 
32.2285, 36.9815, 30.79, 
32.2115, 36.954, 30.8345, 
32.154, 36.9515, 30.8945, 
32.087, 36.953, 30.96, 
32.0115, 36.9455, 31.043, 
31.967, 36.925, 31.108, 
31.9215, 36.9005, 31.178, 
31.8685, 36.868, 31.2635, 
31.8245, 36.8385, 31.337, 
31.779, 36.8415, 31.3795, 
31.732, 36.8435, 31.4245, 
31.6955, 36.833, 31.4715, 
31.6365, 36.833, 31.5305, 
31.58, 36.819, 31.601, 
31.52, 36.8185, 31.6615, 
31.494, 36.809, 31.697, 
31.407, 36.828, 31.765, 
31.3565, 36.803, 31.8405, 
31.277, 36.7945, 31.9285, 
31.2345, 36.7735, 31.992, 
31.2065, 36.76, 32.0335, 
31.139, 36.7585, 32.1025, 
31.0875, 36.7445, 32.168, 
31.0475, 36.7215, 32.231, 
30.9895, 36.698, 32.3125, 
30.9325, 36.703, 32.3645, 
30.8475, 36.7085, 32.444, 
30.806, 36.707, 32.487, 
30.7465, 36.6925, 32.561, 
30.6885, 36.71, 32.6015, 
30.6355, 36.7105, 32.654, 
30.59, 36.696, 32.714, 
30.5325, 36.643, 32.8245, 
30.473, 36.627, 32.9, 
30.435, 36.6225, 32.9425, 
30.3625, 36.62, 33.0175, 
30.314, 36.581, 33.105, 
30.2405, 36.6105, 33.149, 
30.2095, 36.5945, 33.196, 
30.1665, 36.5935, 33.24, 
30.134, 36.57, 33.296, 
30.0735, 36.5985, 33.328, 
30.037, 36.5615, 33.4015, 
29.978, 36.5525, 33.4695, 
29.9125, 36.5605, 33.527, 
29.8575, 36.5755, 33.567, 
29.813, 36.5635, 33.6235, 
29.765, 36.5895, 33.6455, 
29.7185, 36.545, 33.7365, 
29.6515, 36.552, 33.7965, 
29.6145, 36.516, 33.8695, 
29.5495, 36.5185, 33.932, 
29.507, 36.4895, 34.0035, 
29.481, 36.482, 34.037, 
29.436, 36.4555, 34.1085, 
29.3825, 36.4355, 34.182, 
29.3275, 36.444, 34.2285, 
29.278, 36.449, 34.273, 
29.2015, 36.4485, 34.35, 
29.1365, 36.45, 34.4135, 
29.09, 36.4245, 34.4855, 
29.037, 36.443, 34.52, 
28.9885, 36.4415, 34.57, 
28.913, 36.45, 34.637, 
28.8835, 36.402, 34.7145, 
28.8435, 36.392, 34.7645, 
28.7755, 36.4, 34.8245, 
28.721, 36.369, 34.91, 
28.6915, 36.346, 34.9625, 
28.6385, 36.3445, 35.017, 
28.575, 36.3395, 35.0855, 
28.5415, 36.311, 35.1475, 
28.5045, 36.2995, 35.196, 
28.4325, 36.2835, 35.284, 
28.3595, 36.277, 35.3635, 
28.297, 36.2945, 35.4085, 
28.2705, 36.241, 35.4885, 
28.252, 36.2355, 35.5125, 
28.1955, 36.212, 35.5925, 
28.1245, 36.2265, 35.649, 
28.0545, 36.2185, 35.727, 
28.0095, 36.195, 35.7955, 
27.9565, 36.161, 35.8825, 
27.93, 36.149, 35.921, 
27.887, 36.151, 35.962, 
27.885, 36.114, 36.001, 
27.847, 36.107, 36.046, 
27.7965, 36.0955, 36.108, 
27.7385, 36.1035, 36.158, 
27.701, 36.0735, 36.2255, 
27.668, 36.0535, 36.2785, 
27.6275, 36.0405, 36.332, 
27.5705, 36.068, 36.3615, 
27.552, 36.0665, 36.3815, 
27.4845, 36.0755, 36.44, 
27.4665, 36.0345, 36.499, 
27.4205, 36.01, 36.5695, 
27.395, 35.9635, 36.6415, 
27.354, 35.921, 36.725, 
27.3225, 35.884, 36.7935, 
27.298, 35.832, 36.87, 
27.2385, 35.8065, 36.955, 
27.1985, 35.7745, 37.027, 
27.163, 35.767, 37.07, 
27.111, 35.7675, 37.1215, 
27.0625, 35.74, 37.1975, 
27.025, 35.6875, 37.2875, 
26.9675, 35.6605, 37.372, 
26.9385, 35.6205, 37.441, 
26.8785, 35.6005, 37.521, 
26.8425, 35.5705, 37.587, 
26.7895, 35.559, 37.6515, 
26.733, 35.539, 37.728, 
26.6905, 35.5445, 37.765, 
26.653, 35.506, 37.841, 
26.624, 35.4965, 37.8795, 
26.577, 35.4715, 37.9515, 
26.548, 35.4685, 37.9835, 
26.502, 35.459, 38.039, 
26.426, 35.4655, 38.1085, 
26.3855, 35.4505, 38.164, 
26.318, 35.4415, 38.2405, 
26.278, 35.426, 38.296, 
26.252, 35.431, 38.317, 
26.2255, 35.4225, 38.352, 
26.1905, 35.4, 38.4095, 
26.1515, 35.3815, 38.467, 
26.1085, 35.3605, 38.531, 
26.0965, 35.3375, 38.566, 
26.0585, 35.317, 38.6245, 
26.0155, 35.2995, 38.685, 
25.979, 35.314, 38.707, 
25.917, 35.3155, 38.7675, 
25.891, 35.2745, 38.8345, 
25.8585, 35.2205, 38.921, 
25.82, 35.204, 38.976, 
25.795, 35.1795, 39.0255, 
25.765, 35.16, 39.075, 
25.732, 35.144, 39.124, 
25.6795, 35.147, 39.1735, 
25.6505, 35.112, 39.2375, 
25.6165, 35.0865, 39.297, 
25.587, 35.0615, 39.3515, 
25.5435, 35.07, 39.3865, 
25.5105, 35.0395, 39.45, 
25.47, 35.005, 39.525, 
25.403, 35.0055, 39.5915, 
25.381, 34.966, 39.653, 
25.306, 34.933, 39.761, 
25.2455, 34.936, 39.8185, 
25.2055, 34.915, 39.8795, 
25.1665, 34.893, 39.9405, 
25.0865, 34.8725, 40.041, 
25.0795, 34.8295, 40.091, 
25.0505, 34.818, 40.1315, 
25.0315, 34.7815, 40.187, 
24.9725, 34.775, 40.2525, 
24.925, 34.7725, 40.3025, 
24.89, 34.751, 40.359, 
24.846, 34.717, 40.437, 
24.794, 34.7395, 40.4665, 
24.758, 34.733, 40.509, 
24.728, 34.7025, 40.5695, 
24.6925, 34.6955, 40.612, 
24.6535, 34.703, 40.6435, 
24.614, 34.715, 40.671, 
24.569, 34.6805, 40.7505, 
24.549, 34.6625, 40.7885, 
24.4855, 34.6525, 40.862, 
24.443, 34.6525, 40.9045, 
24.399, 34.6685, 40.9325, 
24.328, 34.6805, 40.9915, 
24.27, 34.666, 41.064, 
24.248, 34.6515, 41.1005, 
24.2145, 34.614, 41.1715, 
24.187, 34.5895, 41.2235, 
24.123, 34.57, 41.307, 
24.1, 34.5385, 41.3615, 
24.064, 34.517, 41.419, 
24.0185, 34.5115, 41.47, 
23.9805, 34.4905, 41.529, 
23.9285, 34.4545, 41.617, 
23.9025, 34.4275, 41.67, 
23.8895, 34.408, 41.7025, 
23.8655, 34.3725, 41.762, 
23.816, 34.3735, 41.8105, 
23.758, 34.375, 41.867, 
23.6895, 34.381, 41.9295, 
23.6325, 34.382, 41.9855, 
23.5835, 34.363, 42.0535, 
23.5465, 34.331, 42.1225, 
23.512, 34.3135, 42.1745, 
23.4725, 34.2495, 42.278, 
23.455, 34.199, 42.346, 
23.411, 34.1645, 42.4245, 
23.387, 34.1535, 42.4595, 
23.367, 34.1415, 42.4915, 
23.298, 34.103, 42.599, 
23.2555, 34.048, 42.6965, 
23.2225, 34.0265, 42.751, 
23.196, 34.009, 42.795, 
23.1495, 33.9825, 42.868, 
23.083, 33.9865, 42.9305, 
23.0275, 33.988, 42.9845, 
23.001, 33.9595, 43.0395, 
22.9755, 33.9455, 43.079, 
22.9405, 33.9095, 43.15, 
22.9005, 33.8995, 43.2, 
22.864, 33.885, 43.251, 
22.8335, 33.838, 43.3285, 
22.8065, 33.834, 43.3595, 
22.7195, 33.844, 43.4365, 
22.702, 33.8365, 43.4615, 
22.6495, 33.829, 43.5215, 
22.5985, 33.8555, 43.546, 
22.5865, 33.817, 43.5965, 
22.5545, 33.8155, 43.63, 
22.5255, 33.7945, 43.68, 
22.487, 33.7895, 43.7235, 
22.469, 33.7755, 43.7555, 
22.4575, 33.767, 43.7755, 
22.4245, 33.747, 43.8285, 
22.389, 33.708, 43.903, 
22.3655, 33.6755, 43.959, 
22.3335, 33.63, 44.0365, 
22.29, 33.599, 44.111, 
22.257, 33.577, 44.166, 
22.2435, 33.518, 44.2385, 
22.2055, 33.4955, 44.299, 
22.155, 33.4735, 44.3715, 
22.1135, 33.449, 44.4375, 
22.0745, 33.417, 44.5085, 
22.023, 33.4045, 44.5725, 
21.9585, 33.362, 44.6795, 
21.913, 33.3675, 44.7195, 
21.873, 33.332, 44.795, 
21.837, 33.323, 44.84, 
21.8095, 33.307, 44.8835, 
21.7795, 33.2845, 44.936, 
21.737, 33.271, 44.992, 
21.6635, 33.2885, 45.048, 
21.624, 33.2785, 45.0975, 
21.589, 33.28, 45.131, 
21.558, 33.2535, 45.1885, 
21.5235, 33.224, 45.2525, 
21.4725, 33.183, 45.3445, 
21.442, 33.13, 45.428, 
21.403, 33.0955, 45.5015, 
21.376, 33.061, 45.563, 
21.3305, 33.0145, 45.655, 
21.3065, 32.986, 45.7075, 
21.282, 32.9315, 45.7865, 
21.2275, 32.9555, 45.817, 
21.1885, 32.93, 45.8815, 
21.1705, 32.875, 45.9545, 
21.1725, 32.809, 46.0185, 
21.1425, 32.777, 46.0805, 
21.1085, 32.731, 46.1605, 
21.07, 32.696, 46.234, 
21.038, 32.674, 46.288, 
21.0005, 32.674, 46.3255, 
20.9705, 32.6645, 46.365, 
20.9195, 32.666, 46.4145, 
20.8845, 32.6635, 46.452, 
20.856, 32.6455, 46.4985, 
20.8245, 32.628, 46.5475, 
20.7775, 32.592, 46.6305, 
20.7325, 32.5745, 46.693, 
20.714, 32.566, 46.72, 
20.656, 32.5565, 46.7875, 
20.6305, 32.5275, 46.842, 
20.574, 32.52, 46.906, 
20.5745, 32.484, 46.9415, 
20.562, 32.4575, 46.9805, 
20.529, 32.4305, 47.0405, 
20.5005, 32.375, 47.1245, 
20.457, 32.326, 47.217, 
20.4155, 32.319, 47.2655, 
20.3895, 32.2665, 47.344, 
20.366, 32.2325, 47.4015, 
20.322, 32.214, 47.464, 
20.2815, 32.182, 47.5365, 
20.249, 32.1645, 47.5865, 
20.206, 32.131, 47.663, 
20.144, 32.119, 47.737, 
20.1085, 32.0925, 47.799, 
20.085, 32.0765, 47.8385, 
20.0525, 32.0235, 47.924, 
20.0365, 32.031, 47.9325, 
19.9715, 32.019, 48.0095, 
19.9295, 31.9745, 48.096, 
19.8995, 31.9605, 48.14, 
19.872, 31.9685, 48.1595, 
19.829, 31.951, 48.22, 
19.818, 31.8935, 48.2885, 
19.827, 31.876, 48.297, 
19.802, 31.834, 48.364, 
19.735, 31.817, 48.448, 
19.7225, 31.8, 48.4775, 
19.685, 31.77, 48.545, 
19.653, 31.7595, 48.5875, 
19.616, 31.739, 48.645, 
19.565, 31.723, 48.712, 
19.547, 31.687, 48.766, 
19.5105, 31.685, 48.8045, 
19.4815, 31.64, 48.8785, 
19.4605, 31.643, 48.8965, 
19.4315, 31.6075, 48.961, 
19.3945, 31.564, 49.0415, 
19.394, 31.5155, 49.0905, 
19.378, 31.471, 49.151, 
19.348, 31.445, 49.207, 
19.325, 31.43, 49.245, 
19.283, 31.398, 49.319, 
19.2615, 31.3835, 49.355, 
19.2015, 31.392, 49.4065, 
19.1725, 31.3675, 49.46, 
19.139, 31.359, 49.502, 
19.0975, 31.327, 49.5755, 
19.067, 31.362, 49.571, 
19.0315, 31.3555, 49.613, 
18.9965, 31.331, 49.6725, 
18.952, 31.315, 49.733, 
18.9375, 31.28, 49.7825, 
18.8905, 31.2805, 49.829, 
18.8655, 31.2335, 49.901, 
18.829, 31.2325, 49.9385, 
18.7985, 31.1945, 50.007, 
18.748, 31.1835, 50.0685, 
18.735, 31.1645, 50.1005, 
18.6845, 31.1165, 50.199, 
18.65, 31.1055, 50.2445, 
18.6225, 31.0955, 50.282, 
18.5905, 31.023, 50.3865, 
18.564, 31.0205, 50.4155, 
18.544, 31.013, 50.443, 
18.5275, 31.0125, 50.46, 
18.503, 30.9935, 50.5035, 
18.452, 30.951, 50.597, 
18.4015, 30.9605, 50.638, 
18.3965, 30.9555, 50.648, 
18.351, 30.9185, 50.7305, 
18.336, 30.9105, 50.7535, 
18.3, 30.875, 50.825, 
18.2545, 30.8665, 50.879, 
18.2225, 30.8485, 50.929, 
18.1915, 30.853, 50.9555, 
18.145, 30.854, 51.001, 
18.114, 30.8395, 51.0465, 
18.1085, 30.7945, 51.097, 
18.087, 30.75, 51.163, 
18.0335, 30.716, 51.2505, 
18.0015, 30.7015, 51.297, 
17.9685, 30.6855, 51.346, 
17.9405, 30.694, 51.3655, 
17.8795, 30.7115, 51.409, 
17.852, 30.705, 51.443, 
17.845, 30.648, 51.507, 
17.814, 30.617, 51.569, 
17.788, 30.5965, 51.6155, 
17.745, 30.5885, 51.6665, 
17.74, 30.565, 51.695, 
17.6925, 30.587, 51.7205, 
17.66, 30.5695, 51.7705, 
17.614, 30.5525, 51.8335, 
17.5885, 30.5115, 51.9, 
17.551, 30.4755, 51.9735, 
17.5225, 30.443, 52.0345, 
17.484, 30.4525, 52.0635, 
17.4415, 30.422, 52.1365, 
17.4365, 30.3755, 52.188, 
17.4065, 30.3465, 52.247, 
17.374, 30.3245, 52.3015, 
17.3535, 30.2965, 52.35, 
17.3525, 30.2665, 52.381, 
17.3295, 30.2425, 52.428, 
17.3105, 30.2355, 52.454, 
17.2925, 30.18, 52.5275, 
17.26, 30.148, 52.592, 
17.2085, 30.111, 52.6805, 
17.1835, 30.081, 52.7355, 
17.1505, 30.0745, 52.775, 
17.133, 30.041, 52.826, 
17.129, 30.0195, 52.8515, 
17.0865, 30.011, 52.9025, 
17.0655, 29.9715, 52.963, 
17.051, 29.949, 53, 
17.014, 29.923, 53.063, 
16.9695, 29.8935, 53.137, 
16.935, 29.856, 53.209, 
16.9015, 29.843, 53.2555, 
16.8625, 29.824, 53.3135, 
16.8525, 29.7465, 53.401, 
16.817, 29.7045, 53.4785, 
16.808, 29.622, 53.57, 
16.7745, 29.5895, 53.636, 
16.7545, 29.578, 53.6675, 
16.7165, 29.551, 53.7325, 
16.6915, 29.5805, 53.728, 
16.6225, 29.5855, 53.792, 
16.626, 29.524, 53.85, 
16.581, 29.488, 53.931, 
16.532, 29.4825, 53.9855, 
16.511, 29.444, 54.045, 
16.468, 29.415, 54.117, 
16.4525, 29.3885, 54.159, 
16.4065, 29.381, 54.2125, 
16.36, 29.3625, 54.2775, 
16.345, 29.34, 54.315, 
16.3305, 29.3465, 54.323, 
16.288, 29.3415, 54.3705, 
16.279, 29.32, 54.401, 
16.2415, 29.304, 54.4545, 
16.1965, 29.255, 54.5485, 
16.179, 29.235, 54.586, 
16.1485, 29.2105, 54.641, 
16.112, 29.174, 54.714, 
16.0685, 29.164, 54.7675, 
16.0255, 29.1305, 54.844, 
16.001, 29.074, 54.925, 
15.9625, 29.019, 55.0185, 
15.9395, 28.992, 55.0685, 
15.9065, 28.9845, 55.109, 
15.902, 28.9555, 55.1425, 
15.861, 28.9365, 55.2025, 
15.843, 28.901, 55.256, 
15.8035, 28.862, 55.3345, 
15.781, 28.865, 55.354, 
15.748, 28.8335, 55.4185, 
15.7235, 28.7945, 55.482, 
15.688, 28.7815, 55.5305, 
15.6575, 28.749, 55.5935, 
15.6325, 28.717, 55.6505, 
15.6165, 28.698, 55.6855, 
15.593, 28.679, 55.728, 
15.577, 28.663, 55.76, 
15.5345, 28.641, 55.8245, 
15.5115, 28.6565, 55.832, 
15.4915, 28.6485, 55.86, 
15.4515, 28.5955, 55.953, 
15.4205, 28.5875, 55.992, 
15.3925, 28.532, 56.0755, 
15.384, 28.487, 56.129, 
15.3625, 28.4515, 56.186, 
15.355, 28.4325, 56.2125, 
15.3485, 28.3925, 56.259, 
15.3075, 28.375, 56.3175, 
15.293, 28.3355, 56.3715, 
15.264, 28.341, 56.395, 
15.215, 28.3185, 56.4665, 
15.189, 28.277, 56.534, 
15.163, 28.232, 56.605, 
15.138, 28.223, 56.639, 
15.095, 28.1565, 56.7485, 
15.084, 28.1195, 56.7965, 
15.05, 28.088, 56.862, 
15.029, 28.063, 56.908, 
15.0015, 28.056, 56.9425, 
14.974, 28.046, 56.98, 
14.9235, 28.0465, 57.03, 
14.9095, 28.016, 57.0745, 
14.887, 27.984, 57.129, 
14.878, 27.956, 57.166, 
14.862, 27.909, 57.229, 
14.8435, 27.8545, 57.302, 
14.795, 27.8235, 57.3815, 
14.76, 27.7825, 57.4575, 
14.7355, 27.741, 57.5235, 
14.6935, 27.678, 57.6285, 
14.676, 27.6515, 57.6725, 
14.667, 27.595, 57.738, 
14.6225, 27.5595, 57.818, 
14.6065, 27.539, 57.8545, 
14.593, 27.443, 57.964, 
14.577, 27.414, 58.009, 
14.5515, 27.3965, 58.052, 
14.523, 27.3215, 58.1555, 
14.493, 27.2665, 58.2405, 
14.476, 27.247, 58.277, 
14.4505, 27.2145, 58.335, 
14.4375, 27.141, 58.4215, 
14.402, 27.103, 58.495, 
14.367, 27.093, 58.54, 
14.3475, 27.075, 58.5775, 
14.322, 27.0115, 58.6665, 
14.3025, 26.963, 58.7345, 
14.2805, 26.961, 58.7585, 
14.2415, 26.9155, 58.843, 
14.1975, 26.8765, 58.926, 
14.173, 26.8715, 58.9555, 
14.156, 26.8505, 58.9935, 
14.114, 26.8135, 59.0725, 
14.103, 26.7935, 59.1035, 
14.0845, 26.775, 59.1405, 
14.0575, 26.7525, 59.19, 
14.039, 26.7125, 59.2485, 
14.0175, 26.69, 59.2925, 
13.9755, 26.68, 59.3445, 
13.955, 26.6585, 59.3865, 
13.9225, 26.6415, 59.436, 
13.894, 26.596, 59.51, 
13.8565, 26.5735, 59.57, 
13.8305, 26.5535, 59.616, 
13.7985, 26.528, 59.6735, 
13.774, 26.4875, 59.7385, 
13.7345, 26.4465, 59.819, 
13.704, 26.402, 59.894, 
13.6605, 26.3735, 59.966, 
13.6245, 26.3255, 60.05, 
13.589, 26.2815, 60.1295, 
13.564, 26.2395, 60.1965, 
13.562, 26.2105, 60.2275, 
13.5165, 26.1805, 60.303, 
13.4815, 26.164, 60.3545, 
13.4655, 26.163, 60.3715, 
13.4355, 26.1485, 60.416, 
13.4205, 26.0965, 60.483, 
13.379, 26.085, 60.536, 
13.355, 26.0805, 60.5645, 
13.3385, 26.0495, 60.612, 
13.314, 26.0025, 60.6835, 
13.3075, 25.976, 60.7165, 
13.299, 25.9475, 60.7535, 
13.261, 25.915, 60.824, 
13.2335, 25.922, 60.8445, 
13.2195, 25.8975, 60.883, 
13.192, 25.885, 60.923, 
13.1465, 25.8705, 60.983, 
13.1205, 25.829, 61.0505, 
13.0975, 25.7815, 61.121, 
13.0655, 25.749, 61.1855, 
13.0335, 25.724, 61.2425, 
13.0125, 25.683, 61.3045, 
12.9835, 25.6695, 61.347, 
12.968, 25.6335, 61.3985, 
12.9225, 25.617, 61.4605, 
12.9095, 25.5965, 61.494, 
12.8965, 25.568, 61.5355, 
12.861, 25.5235, 61.6155, 
12.834, 25.5055, 61.6605, 
12.8235, 25.488, 61.6885, 
12.789, 25.5095, 61.7015, 
12.773, 25.478, 61.749, 
12.7375, 25.4665, 61.796, 
12.709, 25.435, 61.856, 
12.696, 25.372, 61.932, 
12.6745, 25.347, 61.9785, 
12.654, 25.338, 62.008, 
12.6295, 25.308, 62.0625, 
12.594, 25.3025, 62.1035, 
12.5705, 25.2525, 62.177, 
12.5765, 25.175, 62.2485, 
12.5595, 25.161, 62.2795, 
12.5405, 25.1625, 62.297, 
12.5275, 25.1265, 62.346, 
12.497, 25.1235, 62.3795, 
12.4795, 25.084, 62.4365, 
12.4735, 25.0505, 62.476, 
12.463, 25.021, 62.516, 
12.456, 24.9835, 62.5605, 
12.4395, 24.9485, 62.612, 
12.409, 24.9235, 62.6675, 
12.396, 24.8595, 62.7445, 
12.3545, 24.8375, 62.808, 
12.326, 24.806, 62.868, 
12.3085, 24.7735, 62.918, 
12.2915, 24.7275, 62.981, 
12.2575, 24.6965, 63.046, 
12.2315, 24.6775, 63.091, 
12.2115, 24.664, 63.1245, 
12.192, 24.6365, 63.1715, 
12.164, 24.6005, 63.2355, 
12.1625, 24.5665, 63.271, 
12.1315, 24.548, 63.3205, 
12.1165, 24.5135, 63.37, 
12.0895, 24.4825, 63.428, 
12.077, 24.414, 63.509, 
12.047, 24.361, 63.592, 
12.004, 24.3725, 63.6235, 
11.977, 24.3335, 63.6895, 
11.9575, 24.306, 63.7365, 
11.9635, 24.226, 63.8105, 
11.9395, 24.194, 63.8665, 
11.938, 24.1435, 63.9185, 
11.894, 24.1295, 63.9765, 
11.881, 24.1255, 63.9935, 
11.868, 24.0885, 64.0435, 
11.842, 24.0335, 64.1245, 
11.8195, 24.028, 64.1525, 
11.784, 23.9855, 64.2305, 
11.7585, 23.958, 64.2835, 
11.74, 23.917, 64.343, 
11.721, 23.8945, 64.3845, 
11.708, 23.8415, 64.4505, 
11.6855, 23.85, 64.4645, 
11.6525, 23.8335, 64.514, 
11.619, 23.8065, 64.5745, 
11.605, 23.769, 64.626, 
11.577, 23.729, 64.694, 
11.5625, 23.693, 64.7445, 
11.542, 23.6665, 64.7915, 
11.504, 23.6255, 64.8705, 
11.5085, 23.594, 64.8975, 
11.488, 23.5605, 64.9515, 
11.465, 23.542, 64.993, 
11.436, 23.531, 65.033, 
11.4255, 23.5215, 65.053, 
11.4045, 23.48, 65.1155, 
11.3845, 23.419, 65.1965, 
11.364, 23.3815, 65.2545, 
11.337, 23.3795, 65.2835, 
11.3195, 23.372, 65.3085, 
11.273, 23.337, 65.39, 
11.258, 23.324, 65.418, 
11.2475, 23.284, 65.4685, 
11.224, 23.2295, 65.5465, 
11.206, 23.195, 65.599, 
11.1665, 23.189, 65.6445, 
11.15, 23.154, 65.696, 
11.107, 23.1625, 65.7305, 
11.094, 23.1005, 65.8055, 
11.074, 23.0685, 65.8575, 
11.0495, 23.0535, 65.897, 
11.0175, 23.012, 65.9705, 
11.0045, 22.9945, 66.001, 
10.971, 22.9795, 66.0495, 
10.9715, 22.935, 66.0935, 
10.956, 22.9085, 66.1355, 
10.9285, 22.8905, 66.181, 
10.8985, 22.9035, 66.198, 
10.8625, 22.886, 66.2515, 
10.8515, 22.867, 66.2815, 
10.823, 22.827, 66.35, 
10.773, 22.8065, 66.4205, 
10.7505, 22.7835, 66.466, 
10.7275, 22.7595, 66.513, 
10.7075, 22.7115, 66.581, 
10.693, 22.6845, 66.6225, 
10.6945, 22.618, 66.6875, 
10.666, 22.5445, 66.7895, 
10.662, 22.5065, 66.8315, 
10.6605, 22.453, 66.8865, 
10.6405, 22.4225, 66.937, 
10.634, 22.358, 67.008, 
10.64, 22.3745, 66.9855, 
10.5995, 22.36, 67.0405, 
10.5575, 22.324, 67.1185, 
10.526, 22.3035, 67.1705, 
10.508, 22.2865, 67.2055, 
10.498, 22.2695, 67.2325, 
10.49, 22.2475, 67.2625, 
10.4365, 22.2345, 67.329, 
10.41, 22.1755, 67.4145, 
10.3755, 22.1845, 67.44, 
10.364, 22.1875, 67.4485, 
10.349, 22.1585, 67.4925, 
10.3285, 22.115, 67.5565, 
10.3, 22.116, 67.584, 
10.2905, 22.091, 67.6185, 
10.2735, 22.0695, 67.657, 
10.257, 22.0555, 67.6875, 
10.232, 22.035, 67.733, 
10.203, 22.0105, 67.7865, 
10.1685, 21.9735, 67.858, 
10.144, 21.95, 67.906, 
10.116, 21.8865, 67.9975, 
10.111, 21.8365, 68.0525, 
10.1075, 21.7985, 68.094, 
10.0995, 21.76, 68.1405, 
10.0945, 21.731, 68.1745, 
10.073, 21.7195, 68.2075, 
10.0715, 21.665, 68.2635, 
10.033, 21.651, 68.316, 
10.0155, 21.6225, 68.362, 
9.9945, 21.6025, 68.403, 
9.9575, 21.5715, 68.471, 
9.94, 21.5305, 68.5295, 
9.903, 21.507, 68.59, 
9.9055, 21.4605, 68.634, 
9.882, 21.3975, 68.7205, 
9.872, 21.3845, 68.7435, 
9.833, 21.379, 68.788, 
9.7935, 21.351, 68.8555, 
9.77, 21.3295, 68.9005, 
9.741, 21.316, 68.943, 
9.715, 21.272, 69.013, 
9.678, 21.257, 69.065, 
9.6505, 21.2165, 69.133, 
9.6275, 21.196, 69.1765, 
9.6115, 21.1465, 69.242, 
9.5995, 21.1265, 69.274, 
9.5755, 21.12, 69.3045, 
9.555, 21.1155, 69.3295, 
9.5235, 21.061, 69.4155, 
9.498, 21.042, 69.46, 
9.478, 21.013, 69.509, 
9.468, 20.962, 69.57, 
9.4335, 20.9195, 69.647, 
9.388, 20.899, 69.713, 
9.3715, 20.881, 69.7475, 
9.3465, 20.8825, 69.771, 
9.3225, 20.854, 69.8235, 
9.289, 20.8415, 69.8695, 
9.275, 20.807, 69.918, 
9.257, 20.806, 69.937, 
9.2405, 20.798, 69.9615, 
9.2125, 20.774, 70.0135, 
9.205, 20.743, 70.052, 
9.1935, 20.724, 70.0825, 
9.155, 20.73, 70.115, 
9.134, 20.6925, 70.1735, 
9.1345, 20.6725, 70.193, 
9.1115, 20.674, 70.2145, 
9.1025, 20.643, 70.2545, 
9.0955, 20.6505, 70.254, 
9.0775, 20.6285, 70.294, 
9.06, 20.608, 70.332, 
9.0475, 20.5835, 70.369, 
9.04, 20.5625, 70.3975, 
9.0285, 20.542, 70.4295, 
9.0175, 20.506, 70.4765, 
8.996, 20.499, 70.505, 
9.008, 20.4655, 70.5265, 
9.006, 20.4135, 70.5805, 
8.99, 20.35, 70.66, 
8.974, 20.3495, 70.6765, 
8.9535, 20.318, 70.7285, 
8.9295, 20.265, 70.8055, 
8.906, 20.239, 70.855, 
8.8915, 20.2035, 70.905, 
8.8645, 20.1515, 70.984, 
8.864, 20.1305, 71.0055, 
8.8545, 20.1025, 71.043, 
8.8245, 20.0985, 71.077, 
8.8155, 20.0805, 71.104, 
8.782, 20.0585, 71.1595, 
8.75, 20.0235, 71.2265, 
8.728, 19.98, 71.292, 
8.713, 19.976, 71.311, 
8.7015, 19.9555, 71.343, 
8.6915, 19.9395, 71.369, 
8.668, 19.902, 71.43, 
8.648, 19.8785, 71.4735, 
8.644, 19.821, 71.535, 
8.6205, 19.8125, 71.567, 
8.584, 19.8, 71.616, 
8.5665, 19.776, 71.6575, 
8.56, 19.7375, 71.7025, 
8.545, 19.6905, 71.7645, 
8.5385, 19.6595, 71.802, 
8.528, 19.626, 71.846, 
8.5095, 19.581, 71.9095, 
8.4945, 19.5585, 71.947, 
8.4825, 19.5205, 71.997, 
8.4655, 19.4835, 72.051, 
8.459, 19.4455, 72.0955, 
8.4525, 19.4185, 72.129, 
8.4425, 19.3815, 72.176, 
8.4215, 19.334, 72.2445, 
8.4065, 19.311, 72.2825, 
8.4065, 19.312, 72.2815, 
8.39, 19.274, 72.336, 
8.376, 19.233, 72.391, 
8.3425, 19.201, 72.4565, 
8.3265, 19.1465, 72.527, 
8.3125, 19.1155, 72.572, 
8.3135, 19.0995, 72.587, 
8.295, 19.0615, 72.6435, 
8.2775, 19.038, 72.6845, 
8.269, 18.9915, 72.7395, 
8.244, 18.95, 72.806, 
8.227, 18.9305, 72.8425, 
8.224, 18.8785, 72.8975, 
8.2025, 18.8545, 72.943, 
8.184, 18.834, 72.982, 
8.158, 18.823, 73.019, 
8.166, 18.8055, 73.0285, 
8.159, 18.7845, 73.0565, 
8.1575, 18.742, 73.1005, 
8.1315, 18.6945, 73.174, 
8.119, 18.6495, 73.2315, 
8.0905, 18.636, 73.2735, 
8.0745, 18.6055, 73.32, 
8.071, 18.5515, 73.3775, 
8.0615, 18.4985, 73.44, 
8.062, 18.4505, 73.4875, 
8.037, 18.4395, 73.5235, 
8.0315, 18.409, 73.5595, 
8.0255, 18.411, 73.5635, 
7.9925, 18.386, 73.6215, 
7.993, 18.281, 73.726, 
7.9845, 18.26, 73.7555, 
7.998, 18.2225, 73.7795, 
7.969, 18.215, 73.816, 
7.963, 18.2005, 73.8365, 
7.9545, 18.139, 73.9065, 
7.932, 18.152, 73.916, 
7.9045, 18.1205, 73.975, 
7.894, 18.108, 73.998, 
7.861, 18.071, 74.068, 
7.8395, 18.0495, 74.111, 
7.832, 17.9775, 74.1905, 
7.824, 17.943, 74.233, 
7.7815, 17.913, 74.3055, 
7.759, 17.858, 74.383, 
7.7335, 17.841, 74.4255, 
7.726, 17.7865, 74.4875, 
7.7165, 17.7755, 74.508, 
7.702, 17.778, 74.52, 
7.673, 17.75, 74.577, 
7.652, 17.693, 74.655, 
7.64, 17.694, 74.666, 
7.6225, 17.666, 74.7115, 
7.595, 17.6395, 74.7655, 
7.5815, 17.6125, 74.806, 
7.5835, 17.573, 74.8435, 
7.564, 17.5675, 74.8685, 
7.5635, 17.54, 74.8965, 
7.539, 17.531, 74.93, 
7.5245, 17.495, 74.9805, 
7.5255, 17.4445, 75.03, 
7.514, 17.407, 75.079, 
7.4965, 17.414, 75.0895, 
7.4865, 17.379, 75.1345, 
7.471, 17.361, 75.168, 
7.4495, 17.3715, 75.179, 
7.4285, 17.335, 75.2365, 
7.4205, 17.3195, 75.26, 
7.416, 17.2755, 75.3085, 
7.41, 17.2545, 75.3355, 
7.409, 17.2, 75.391, 
7.411, 17.196, 75.393, 
7.4115, 17.162, 75.4265, 
7.384, 17.1465, 75.4695, 
7.36, 17.1045, 75.5355, 
7.3415, 17.076, 75.5825, 
7.3265, 17.062, 75.6115, 
7.286, 17.0365, 75.6775, 
7.2655, 17.031, 75.7035, 
7.263, 17.0175, 75.7195, 
7.2455, 16.993, 75.7615, 
7.25, 16.955, 75.795, 
7.2155, 16.9555, 75.829, 
7.184, 16.944, 75.872, 
7.1635, 16.941, 75.8955, 
7.1445, 16.909, 75.9465, 
7.142, 16.8795, 75.9785, 
7.137, 16.804, 76.059, 
7.132, 16.778, 76.09, 
7.1315, 16.7365, 76.132, 
7.13, 16.7175, 76.1525, 
7.1065, 16.696, 76.1975, 
7.091, 16.6655, 76.2435, 
7.07, 16.6385, 76.2915, 
7.044, 16.628, 76.328, 
7.026, 16.577, 76.397, 
7.004, 16.554, 76.442, 
6.9825, 16.506, 76.5115, 
6.934, 16.5075, 76.5585, 
6.9165, 16.4765, 76.607, 
6.8965, 16.439, 76.6645, 
6.886, 16.421, 76.693, 
6.869, 16.3885, 76.7425, 
6.85, 16.367, 76.783, 
6.8475, 16.337, 76.8155, 
6.839, 16.2885, 76.8725, 
6.837, 16.2735, 76.8895, 
6.835, 16.269, 76.896, 
6.7995, 16.2575, 76.943, 
6.7945, 16.2235, 76.982, 
6.798, 16.2055, 76.9965, 
6.784, 16.1865, 77.0295, 
6.768, 16.1645, 77.0675, 
6.7425, 16.142, 77.1155, 
6.741, 16.1345, 77.1245, 
6.7195, 16.138, 77.1425, 
6.7165, 16.0975, 77.186, 
6.7045, 16.071, 77.2245, 
6.7065, 16.0255, 77.268, 
6.6895, 15.997, 77.3135, 
6.679, 15.955, 77.366, 
6.6785, 15.913, 77.4085, 
6.653, 15.8835, 77.4635, 
6.637, 15.8305, 77.5325, 
6.64, 15.779, 77.581, 
6.623, 15.7585, 77.6185, 
6.6055, 15.7245, 77.67, 
6.5935, 15.6675, 77.739, 
6.591, 15.6585, 77.7505, 
6.5815, 15.65, 77.7685, 
6.5765, 15.641, 77.7825, 
6.5695, 15.5935, 77.837, 
6.558, 15.5905, 77.8515, 
6.528, 15.5575, 77.9145, 
6.5235, 15.5345, 77.942, 
6.5045, 15.4855, 78.01, 
6.4825, 15.446, 78.0715, 
6.4605, 15.405, 78.1345, 
6.452, 15.41, 78.138, 
6.445, 15.4245, 78.1305, 
6.4295, 15.3875, 78.183, 
6.405, 15.347, 78.248, 
6.39, 15.3355, 78.2745, 
6.381, 15.284, 78.335, 
6.38, 15.2735, 78.3465, 
6.3695, 15.2285, 78.402, 
6.3525, 15.1885, 78.459, 
6.3375, 15.1815, 78.481, 
6.34, 15.1525, 78.5075, 
6.3235, 15.108, 78.5685, 
6.2925, 15.0855, 78.622, 
6.2735, 15.0355, 78.691, 
6.264, 14.9995, 78.7365, 
6.2605, 14.967, 78.7725, 
6.2545, 14.934, 78.8115, 
6.2475, 14.9105, 78.842, 
6.24, 14.863, 78.897, 
6.2305, 14.842, 78.9275, 
6.2405, 14.8105, 78.949, 
6.2235, 14.7915, 78.985, 
6.2195, 14.7565, 79.024, 
6.197, 14.73, 79.073, 
6.1815, 14.7175, 79.101, 
6.1635, 14.7425, 79.094, 
6.1395, 14.7035, 79.157, 
6.15, 14.667, 79.183, 
6.131, 14.647, 79.222, 
6.113, 14.6245, 79.2625, 
6.116, 14.5945, 79.2895, 
6.099, 14.595, 79.306, 
6.0845, 14.5565, 79.359, 
6.07, 14.5295, 79.4005, 
6.0385, 14.508, 79.4535, 
6.0295, 14.4705, 79.5, 
6.0205, 14.457, 79.5225, 
6.0125, 14.4255, 79.562, 
5.978, 14.413, 79.609, 
5.9605, 14.419, 79.6205, 
5.9475, 14.397, 79.6555, 
5.939, 14.3545, 79.7065, 
5.9275, 14.325, 79.7475, 
5.9175, 14.262, 79.8205, 
5.917, 14.246, 79.837, 
5.902, 14.242, 79.856, 
5.9005, 14.23, 79.8695, 
5.875, 14.204, 79.921, 
5.8695, 14.1735, 79.957, 
5.85, 14.1755, 79.9745, 
5.844, 14.1565, 79.9995, 
5.833, 14.1475, 80.0195, 
5.831, 14.104, 80.065, 
5.814, 14.091, 80.095, 
5.8045, 14.061, 80.1345, 
5.801, 14.02, 80.179, 
5.804, 13.984, 80.212, 
5.7925, 13.9635, 80.244, 
5.784, 13.9435, 80.2725, 
5.778, 13.892, 80.33, 
5.773, 13.8815, 80.3455, 
5.777, 13.8595, 80.3635, 
5.752, 13.8455, 80.4025, 
5.734, 13.8095, 80.4565, 
5.728, 13.7785, 80.4935, 
5.717, 13.769, 80.514, 
5.72, 13.7635, 80.5165, 
5.713, 13.733, 80.554, 
5.7115, 13.736, 80.5525, 
5.6865, 13.695, 80.6185, 
5.6685, 13.6715, 80.66, 
5.6605, 13.662, 80.6775, 
5.6465, 13.643, 80.7105, 
5.635, 13.636, 80.729, 
5.623, 13.5935, 80.7835, 
5.5945, 13.5725, 80.833, 
5.5785, 13.57, 80.8515, 
5.557, 13.5485, 80.8945, 
5.548, 13.5045, 80.9475, 
5.532, 13.4795, 80.9885, 
5.5195, 13.4525, 81.028, 
5.501, 13.4545, 81.0445, 
5.4975, 13.4485, 81.054, 
5.4915, 13.437, 81.0715, 
5.4915, 13.4095, 81.099, 
5.469, 13.405, 81.126, 
5.44, 13.394, 81.166, 
