0	1	0	0	e
0.1	0.99	0.01	0	e
0.2	0.9801	0.0198	0.0001	e
0.3	0.970299	0.029403	0.000298	e
0.4	0.960596	0.038812	0.00059203	e
0.5	0.95099	0.0480298	0.00098015	e
0.6	0.94148	0.0570594	0.00146045	e
0.7	0.932065	0.0659036	0.00203104	e
0.8	0.922745	0.0745652	0.00269008	e
0.9	0.913517	0.083047	0.00343573	e
1	0.904382	0.0913517	0.0042662	e
1.1	0.895338	0.099482	0.00517972	e
1.2	0.886385	0.107441	0.00617454	e
1.3	0.877521	0.11523	0.00724894	e
1.4	0.868746	0.122853	0.00840124	e
1.5	0.860058	0.130312	0.00962977	e
1.6	0.851458	0.137609	0.0109329	e
1.7	0.842943	0.144748	0.012309	e
1.8	0.834514	0.15173	0.0137565	e
1.9	0.826169	0.158558	0.0152738	e
2	0.817907	0.165234	0.0168593	e
2.1	0.809728	0.17176	0.0185117	e
2.2	0.801631	0.17814	0.0202293	e
2.3	0.793614	0.184375	0.0220107	e
2.4	0.785678	0.190467	0.0238544	e
2.5	0.777821	0.19642	0.0257591	e
2.6	0.770043	0.202234	0.0277233	e
2.7	0.762343	0.207912	0.0297456	e
2.8	0.754719	0.213456	0.0318248	e
2.9	0.747172	0.218869	0.0339593	e
3	0.7397	0.224152	0.036148	e
3.1	0.732303	0.229307	0.0383895	e
3.2	0.72498	0.234337	0.0406826	e
3.3	0.717731	0.239244	0.043026	e
3.4	0.710553	0.244028	0.0454184	e
3.5	0.703448	0.248694	0.0478587	e
3.6	0.696413	0.253241	0.0503456	e
3.7	0.689449	0.257673	0.052878	e
3.8	0.682555	0.261991	0.0554548	e
3.9	0.675729	0.266196	0.0580747	e
4	0.668972	0.270292	0.0607366	e
4.1	0.662282	0.274278	0.0634395	e
4.2	0.655659	0.278158	0.0661823	e
4.3	0.649103	0.281933	0.0689639	e
4.4	0.642612	0.285605	0.0717832	e
4.5	0.636185	0.289175	0.0746393	e
4.6	0.629824	0.292645	0.077531	e
4.7	0.623525	0.296017	0.0804575	e
4.8	0.61729	0.299292	0.0834177	e
4.9	0.611117	0.302472	0.0864106	e
5	0.605006	0.305559	0.0894353	e
5.1	0.598956	0.308553	0.0924909	e
5.2	0.592966	0.311457	0.0955764	e
5.3	0.587037	0.314272	0.098691	e
5.4	0.581166	0.317	0.101834	e
5.5	0.575355	0.319642	0.105004	e
5.6	0.569601	0.322199	0.1082	e
5.7	0.563905	0.324673	0.111422	e
5.8	0.558266	0.327065	0.114669	e
5.9	0.552683	0.329377	0.11794	e
6	0.547157	0.33161	0.121233	e
6.1	0.541685	0.333766	0.124549	e
6.2	0.536268	0.335845	0.127887	e
6.3	0.530906	0.337849	0.131245	e
6.4	0.525596	0.33978	0.134624	e
6.5	0.520341	0.341638	0.138022	e
6.6	0.515137	0.343425	0.141438	e
6.7	0.509986	0.345142	0.144872	e
6.8	0.504886	0.34679	0.148324	e
6.9	0.499837	0.348371	0.151792	e
7	0.494839	0.349886	0.155275	e
7.1	0.48989	0.351335	0.158774	e
7.2	0.484991	0.352721	0.162288	e
7.3	0.480141	0.354044	0.165815	e
7.4	0.47534	0.355305	0.169355	e
7.5	0.470587	0.356505	0.172908	e
7.6	0.465881	0.357646	0.176473	e
7.7	0.461222	0.358728	0.18005	e
7.8	0.45661	0.359753	0.183637	e
7.9	0.452044	0.360722	0.187235	e
8	0.447523	0.361635	0.190842	e
8.1	0.443048	0.362494	0.194458	e
8.2	0.438618	0.363299	0.198083	e
8.3	0.434231	0.364053	0.201716	e
8.4	0.429889	0.364754	0.205357	e
8.5	0.42559	0.365406	0.209004	e
8.6	0.421334	0.366008	0.212658	e
8.7	0.417121	0.366561	0.216318	e
8.8	0.41295	0.367066	0.219984	e
8.9	0.40882	0.367525	0.223655	e
9	0.404732	0.367938	0.22733	e
9.1	0.400685	0.368306	0.231009	e
9.2	0.396678	0.36863	0.234692	e
9.3	0.392711	0.36891	0.238379	e
9.4	0.388784	0.369148	0.242068	e
9.5	0.384896	0.369345	0.245759	e
9.6	0.381047	0.3695	0.249453	e
9.7	0.377237	0.369616	0.253148	e
9.8	0.373464	0.369692	0.256844	e
9.9	0.36973	0.36973	0.260541	e
10	0.366032	0.36973	0.264238	e
10.1	0.362372	0.369693	0.267935	e
10.2	0.358748	0.369619	0.271632	e
10.3	0.355161	0.369511	0.275328	e
10.4	0.351609	0.369367	0.279024	e
10.5	0.348093	0.36919	0.282717	e
10.6	0.344612	0.368979	0.286409	e
10.7	0.341166	0.368735	0.290099	e
10.8	0.337754	0.368459	0.293786	e
10.9	0.334377	0.368152	0.297471	e
11	0.331033	0.367815	0.301152	e
11.1	0.327723	0.367447	0.304831	e
11.2	0.324446	0.367049	0.308505	e
11.3	0.321201	0.366623	0.312175	e
11.4	0.317989	0.366169	0.315842	e
11.5	0.314809	0.365687	0.319503	e
11.6	0.311661	0.365179	0.32316	e
11.7	0.308544	0.364643	0.326812	e
11.8	0.305459	0.364082	0.330458	e
11.9	0.302404	0.363496	0.334099	e
12	0.29938	0.362885	0.337734	e
12.1	0.296387	0.36225	0.341363	e
12.2	0.293423	0.361592	0.344986	e
12.3	0.290488	0.36091	0.348602	e
12.4	0.287584	0.360206	0.352211	e
12.5	0.284708	0.35948	0.355813	e
12.6	0.281861	0.358732	0.359408	e
12.7	0.279042	0.357963	0.362995	e
12.8	0.276252	0.357174	0.366574	e
12.9	0.273489	0.356365	0.370146	e
13	0.270754	0.355536	0.37371	e
13.1	0.268047	0.354688	0.377265	e
13.2	0.265366	0.353822	0.380812	e
13.3	0.262713	0.352937	0.38435	e
13.4	0.260085	0.352035	0.38788	e
13.5	0.257485	0.351115	0.3914	e
13.6	0.25491	0.350179	0.394911	e
13.7	0.252361	0.349226	0.398413	e
13.8	0.249837	0.348258	0.401905	e
13.9	0.247339	0.347274	0.405388	e
14	0.244865	0.346274	0.408861	e
14.1	0.242417	0.34526	0.412323	e
14.2	0.239992	0.344232	0.415776	e
14.3	0.237593	0.343189	0.419218	e
14.4	0.235217	0.342133	0.42265	e
14.5	0.232864	0.341064	0.426071	e
14.6	0.230536	0.339982	0.429482	e
14.7	0.22823	0.338888	0.432882	e
14.8	0.225948	0.337781	0.436271	e
14.9	0.223689	0.336663	0.439649	e
15	0.221452	0.335533	0.443015	e
15.1	0.219237	0.334392	0.446371	e
15.2	0.217045	0.333241	0.449714	e
15.3	0.214874	0.332079	0.453047	e
15.4	0.212726	0.330907	0.456368	e
15.5	0.210598	0.329725	0.459677	e
15.6	0.208492	0.328534	0.462974	e
15.7	0.206408	0.327333	0.466259	e
15.8	0.204343	0.326124	0.469533	e
15.9	0.2023	0.324906	0.472794	e
16	0.200277	0.32368	0.476043	e
16.1	0.198274	0.322446	0.47928	e
16.2	0.196292	0.321204	0.482504	e
16.3	0.194329	0.319955	0.485716	e
16.4	0.192385	0.318699	0.488916	e
16.5	0.190461	0.317436	0.492103	e
16.6	0.188557	0.316166	0.495277	e
16.7	0.186671	0.31489	0.498439	e
16.8	0.184805	0.313608	0.501588	e
16.9	0.182957	0.31232	0.504724	e
17	0.181127	0.311026	0.507847	e
17.1	0.179316	0.309727	0.510957	e
17.2	0.177523	0.308423	0.514054	e
17.3	0.175747	0.307114	0.517139	e
17.4	0.17399	0.3058	0.52021	e
17.5	0.17225	0.304482	0.523268	e
17.6	0.170527	0.30316	0.526313	e
17.7	0.168822	0.301834	0.529344	e
17.8	0.167134	0.300503	0.532363	e
17.9	0.165463	0.29917	0.535368	e
18	0.163808	0.297833	0.538359	e
18.1	0.16217	0.296492	0.541338	e
18.2	0.160548	0.295149	0.544303	e
18.3	0.158943	0.293803	0.547254	e
18.4	0.157353	0.292455	0.550192	e
18.5	0.15578	0.291104	0.553117	e
18.6	0.154222	0.28975	0.556028	e
18.7	0.15268	0.288395	0.558925	e
18.8	0.151153	0.287038	0.561809	e
18.9	0.149641	0.285679	0.56468	e
19	0.148145	0.284319	0.567536	e
19.1	0.146664	0.282957	0.57038	e
19.2	0.145197	0.281594	0.573209	e
19.3	0.143745	0.28023	0.576025	e
19.4	0.142307	0.278865	0.578827	e
19.5	0.140884	0.2775	0.581616	e
19.6	0.139476	0.276133	0.584391	e
19.7	0.138081	0.274767	0.587152	e
19.8	0.1367	0.2734	0.5899	e
19.9	0.135333	0.272033	0.592634	e
20	0.13398	0.270666	0.595354	e
20.1	0.13264	0.269299	0.598061	e
20.2	0.131313	0.267933	0.600754	e
20.3	0.13	0.266566	0.603433	e
20.4	0.1287	0.265201	0.606099	e
20.5	0.127413	0.263836	0.608751	e
20.6	0.126139	0.262471	0.611389	e
20.7	0.124878	0.261108	0.614014	e
20.8	0.123629	0.259746	0.616625	e
20.9	0.122393	0.258385	0.619223	e
21	0.121169	0.257025	0.621806	e
21.1	0.119957	0.255666	0.624377	e
21.2	0.118758	0.254309	0.626933	e
21.3	0.11757	0.252954	0.629476	e
21.4	0.116394	0.2516	0.632006	e
21.5	0.11523	0.250248	0.634522	e
21.6	0.114078	0.248898	0.637024	e
21.7	0.112937	0.247549	0.639513	e
21.8	0.111808	0.246203	0.641989	e
21.9	0.11069	0.244859	0.644451	e
22	0.109583	0.243518	0.6469	e
22.1	0.108487	0.242178	0.649335	e
22.2	0.107402	0.240841	0.651756	e
22.3	0.106328	0.239507	0.654165	e
22.4	0.105265	0.238175	0.65656	e
22.5	0.104212	0.236846	0.658942	e
22.6	0.10317	0.23552	0.66131	e
22.7	0.102138	0.234196	0.663665	e
22.8	0.101117	0.232876	0.666007	e
22.9	0.100106	0.231558	0.668336	e
23	0.0991048	0.230244	0.670652	e
23.1	0.0981138	0.228932	0.672954	e
23.2	0.0971326	0.227624	0.675243	e
23.3	0.0961613	0.226319	0.67752	e
23.4	0.0951997	0.225017	0.679783	e
23.5	0.0942477	0.223719	0.682033	e
23.6	0.0933052	0.222425	0.68427	e
23.7	0.0923722	0.221133	0.686494	e
23.8	0.0914484	0.219846	0.688706	e
23.9	0.090534	0.218562	0.690904	e
24	0.0896286	0.217281	0.69309	e
24.1	0.0887323	0.216005	0.695263	e
24.2	0.087845	0.214732	0.697423	e
24.3	0.0869666	0.213463	0.69957	e
24.4	0.0860969	0.212198	0.701705	e
24.5	0.0852359	0.210937	0.703827	e
24.6	0.0843836	0.20968	0.705936	e
24.7	0.0835397	0.208427	0.708033	e
24.8	0.0827043	0.207179	0.710117	e
24.9	0.0818773	0.205934	0.712189	e
25	0.0810585	0.204693	0.714248	e
25.1	0.0802479	0.203457	0.716295	e
25.2	0.0794455	0.202225	0.71833	e
25.3	0.078651	0.200997	0.720352	e
25.4	0.0778645	0.199774	0.722362	e
25.5	0.0770858	0.198554	0.72436	e
25.6	0.076315	0.19734	0.726345	e
25.7	0.0755518	0.19613	0.728319	e
25.8	0.0747963	0.194924	0.73028	e
25.9	0.0740484	0.193722	0.732229	e
26	0.0733079	0.192526	0.734166	e
26.1	0.0725748	0.191334	0.736092	e
26.2	0.071849	0.190146	0.738005	e
26.3	0.0711306	0.188963	0.739906	e
26.4	0.0704192	0.187785	0.741796	e
26.5	0.0697151	0.186611	0.743674	e
26.6	0.0690179	0.185442	0.74554	e
26.7	0.0683277	0.184278	0.747394	e
26.8	0.0676444	0.183118	0.749237	e
26.9	0.066968	0.181964	0.751068	e
27	0.0662983	0.180814	0.752888	e
27.1	0.0656353	0.179668	0.754696	e
27.2	0.064979	0.178528	0.756493	e
27.3	0.0643292	0.177393	0.758278	e
27.4	0.0636859	0.176262	0.760052	e
27.5	0.063049	0.175136	0.761815	e
27.6	0.0624186	0.174015	0.763566	e
27.7	0.0617944	0.172899	0.765306	e
27.8	0.0611764	0.171788	0.767035	e
27.9	0.0605647	0.170682	0.768753	e
28	0.059959	0.169581	0.77046	e
28.1	0.0593594	0.168485	0.772156	e
28.2	0.0587658	0.167394	0.773841	e
28.3	0.0581782	0.166307	0.775515	e
28.4	0.0575964	0.165226	0.777178	e
28.5	0.0570204	0.16415	0.77883	e
28.6	0.0564502	0.163078	0.780471	e
28.7	0.0558857	0.162012	0.782102	e
28.8	0.0553269	0.160951	0.783722	e
28.9	0.0547736	0.159895	0.785332	e
29	0.0542259	0.158843	0.786931	e
29.1	0.0536836	0.157797	0.788519	e
29.2	0.0531468	0.156756	0.790097	e
29.3	0.0526153	0.15572	0.791665	e
29.4	0.0520891	0.154689	0.793222	e
29.5	0.0515683	0.153663	0.794769	e
29.6	0.0510526	0.152642	0.796305	e
29.7	0.050542	0.151626	0.797832	e
29.8	0.0500366	0.150615	0.799348	e
29.9	0.0495363	0.14961	0.800854	e
30	0.0490409	0.148609	0.80235	e
30.1	0.0485505	0.147613	0.803836	e
30.2	0.048065	0.146622	0.805313	e
30.3	0.0475843	0.145637	0.806779	e
30.4	0.0471085	0.144656	0.808235	e
30.5	0.0466374	0.143681	0.809682	e
30.6	0.046171	0.14271	0.811119	e
30.7	0.0457093	0.141745	0.812546	e
30.8	0.0452522	0.140785	0.813963	e
30.9	0.0447997	0.139829	0.815371	e
31	0.0443517	0.138879	0.816769	e
31.1	0.0439082	0.137934	0.818158	e
31.2	0.0434691	0.136994	0.819537	e
31.3	0.0430344	0.136058	0.820907	e
31.4	0.0426041	0.135128	0.822268	e
31.5	0.042178	0.134203	0.823619	e
31.6	0.0417563	0.133283	0.824961	e
31.7	0.0413387	0.132367	0.826294	e
31.8	0.0409253	0.131457	0.827618	e
31.9	0.040516	0.130552	0.828932	e
32	0.0401109	0.129651	0.830238	e
32.1	0.0397098	0.128756	0.831534	e
32.2	0.0393127	0.127865	0.832822	e
32.3	0.0389196	0.12698	0.8341	e
32.4	0.0385304	0.126099	0.83537	e
32.5	0.0381451	0.125224	0.836631	e
32.6	0.0377636	0.124353	0.837884	e
32.7	0.037386	0.123487	0.839127	e
32.8	0.0370121	0.122626	0.840362	e
32.9	0.036642	0.12177	0.841588	e
33	0.0362756	0.120919	0.842806	e
33.1	0.0359128	0.120072	0.844015	e
33.2	0.0355537	0.119231	0.845216	e
33.3	0.0351981	0.118394	0.846408	e
33.4	0.0348462	0.117562	0.847592	e
33.5	0.0344977	0.116735	0.848768	e
33.6	0.0341527	0.115912	0.849935	e
33.7	0.0338112	0.115095	0.851094	e
33.8	0.0334731	0.114282	0.852245	e
33.9	0.0331384	0.113474	0.853388	e
34	0.032807	0.11267	0.854523	e
34.1	0.0324789	0.111872	0.855649	e
34.2	0.0321541	0.111078	0.856768	e
34.3	0.0318326	0.110289	0.857879	e
34.4	0.0315142	0.109504	0.858982	e
34.5	0.0311991	0.108724	0.860077	e
34.6	0.0308871	0.107949	0.861164	e
34.7	0.0305782	0.107178	0.862243	e
34.8	0.0302725	0.106412	0.863315	e
34.9	0.0299697	0.105651	0.864379	e
35	0.02967	0.104894	0.865436	e
35.1	0.0293733	0.104142	0.866485	e
35.2	0.0290796	0.103394	0.867526	e
35.3	0.0287888	0.102651	0.86856	e
35.4	0.0285009	0.101912	0.869587	e
35.5	0.0282159	0.101178	0.870606	e
35.6	0.0279338	0.100449	0.871618	e
35.7	0.0276544	0.0997235	0.872622	e
35.8	0.0273779	0.0990028	0.873619	e
35.9	0.0271041	0.0982866	0.874609	e
36	0.0268331	0.0975747	0.875592	e
36.1	0.0265647	0.0968673	0.876568	e
36.2	0.0262991	0.0961643	0.877537	e
36.3	0.0260361	0.0954656	0.878498	e
36.4	0.0257757	0.0947713	0.879453	e
36.5	0.025518	0.0940814	0.880401	e
36.6	0.0252628	0.0933957	0.881341	e
36.7	0.0250102	0.0927144	0.882275	e
36.8	0.0247601	0.0920374	0.883203	e
36.9	0.0245125	0.0913646	0.884123	e
37	0.0242673	0.0906961	0.885037	e
37.1	0.0240247	0.0900318	0.885944	e
37.2	0.0237844	0.0893717	0.886844	e
37.3	0.0235466	0.0887159	0.887738	e
37.4	0.0233111	0.0880642	0.888625	e
37.5	0.023078	0.0874166	0.889505	e
37.6	0.0228472	0.0867732	0.89038	e
37.7	0.0226187	0.086134	0.891247	e
37.8	0.0223926	0.0854988	0.892109	e
37.9	0.0221686	0.0848678	0.892964	e
38	0.0219469	0.0842408	0.893812	e
38.1	0.0217275	0.0836178	0.894655	e
38.2	0.0215102	0.0829989	0.895491	e
38.3	0.0212951	0.082384	0.896321	e
38.4	0.0210821	0.0817732	0.897145	e
38.5	0.0208713	0.0811662	0.897962	e
38.6	0.0206626	0.0805633	0.898774	e
38.7	0.020456	0.0799643	0.89958	e
38.8	0.0202514	0.0793692	0.900379	e
38.9	0.0200489	0.078778	0.901173	e
39	0.0198484	0.0781907	0.901961	e
39.1	0.0196499	0.0776073	0.902743	e
39.2	0.0194534	0.0770277	0.903519	e
39.3	0.0192589	0.076452	0.904289	e
39.4	0.0190663	0.0758801	0.905054	e
39.5	0.0188756	0.0753119	0.905812	e
39.6	0.0186869	0.0747476	0.906566	e
39.7	0.0185	0.074187	0.907313	e
39.8	0.018315	0.0736301	0.908055	e
39.9	0.0181319	0.0730769	0.908791	e
40	0.0179506	0.0725275	0.909522	e
40.1	0.017771	0.0719817	0.910247	e
40.2	0.0175933	0.0714396	0.910967	e
40.3	0.0174174	0.0709011	0.911681	e
40.4	0.0172432	0.0703663	0.91239	e
40.5	0.0170708	0.0698351	0.913094	e
40.6	0.0169001	0.0693074	0.913792	e
40.7	0.0167311	0.0687834	0.914486	e
40.8	0.0165638	0.0682628	0.915173	e
40.9	0.0163981	0.0677459	0.915856	e
41	0.0162342	0.0672324	0.916533	e
41.1	0.0160718	0.0667224	0.917206	e
41.2	0.0159111	0.0662159	0.917873	e
41.3	0.015752	0.0657128	0.918535	e
41.4	0.0155945	0.0652132	0.919192	e
41.5	0.0154385	0.064717	0.919844	e
41.6	0.0152841	0.0642243	0.920492	e
41.7	0.0151313	0.0637349	0.921134	e
41.8	0.01498	0.0632488	0.921771	e
41.9	0.0148302	0.0627661	0.922404	e
42	0.0146819	0.0622868	0.923031	e
42.1	0.0145351	0.0618107	0.923654	e
42.2	0.0143897	0.061338	0.924272	e
42.3	0.0142458	0.0608685	0.924886	e
42.4	0.0141034	0.0604023	0.925494	e
42.5	0.0139623	0.0599393	0.926098	e
42.6	0.0138227	0.0594795	0.926698	e
42.7	0.0136845	0.0590229	0.927293	e
42.8	0.0135476	0.0585695	0.927883	e
42.9	0.0134122	0.0581193	0.928469	e
43	0.013278	0.0576723	0.92905	e
43.1	0.0131453	0.0572283	0.929626	e
43.2	0.0130138	0.0567875	0.930199	e
43.3	0.0128837	0.0563497	0.930767	e
43.4	0.0127548	0.0559151	0.93133	e
43.5	0.0126273	0.0554835	0.931889	e
43.6	0.012501	0.0550549	0.932444	e
43.7	0.012376	0.0546294	0.932995	e
43.8	0.0122522	0.0542068	0.933541	e
43.9	0.0121297	0.0537873	0.934083	e
44	0.0120084	0.0533707	0.934621	e
44.1	0.0118883	0.0529571	0.935155	e
44.2	0.0117694	0.0525464	0.935684	e
44.3	0.0116518	0.0521386	0.93621	e
44.4	0.0115352	0.0517338	0.936731	e
44.5	0.0114199	0.0513318	0.937248	e
44.6	0.0113057	0.0509327	0.937762	e
44.7	0.0111926	0.0505364	0.938271	e
44.8	0.0110807	0.050143	0.938776	e
44.9	0.0109699	0.0497523	0.939278	e
45	0.0108602	0.0493645	0.939775	e
45.1	0.0107516	0.0489795	0.940269	e
45.2	0.0106441	0.0485972	0.940759	e
45.3	0.0105376	0.0482177	0.941245	e
45.4	0.0104323	0.0478409	0.941727	e
45.5	0.0103279	0.0474668	0.942205	e
45.6	0.0102247	0.0470954	0.94268	e
45.7	0.0101224	0.0467267	0.943151	e
45.8	0.0100212	0.0463606	0.943618	e
45.9	0.00992097	0.0459972	0.944082	e
46	0.00982176	0.0456365	0.944542	e
46.1	0.00972355	0.0452783	0.944998	e
46.2	0.00962631	0.0449228	0.945451	e
46.3	0.00953005	0.0445698	0.9459	e
46.4	0.00943475	0.0442194	0.946346	e
46.5	0.0093404	0.0438716	0.946788	e
46.6	0.009247	0.0435263	0.947227	e
46.7	0.00915453	0.0431835	0.947662	e
46.8	0.00906298	0.0428432	0.948094	e
46.9	0.00897235	0.0425054	0.948522	e
47	0.00888263	0.0421701	0.948947	e
47.1	0.0087938	0.0418372	0.949369	e
47.2	0.00870586	0.0415067	0.949787	e
47.3	0.0086188	0.0411787	0.950202	e
47.4	0.00853262	0.0408531	0.950614	e
47.5	0.00844729	0.0405299	0.951023	e
47.6	0.00836282	0.0402091	0.951428	e
47.7	0.00827919	0.0398906	0.95183	e
47.8	0.0081964	0.0395745	0.952229	e
47.9	0.00811443	0.0392607	0.952625	e
48	0.00803329	0.0389493	0.953017	e
48.1	0.00795296	0.0386401	0.953407	e
48.2	0.00787343	0.0383332	0.953793	e
48.3	0.00779469	0.0380287	0.954177	e
48.4	0.00771675	0.0377263	0.954557	e
48.5	0.00763958	0.0374262	0.954934	e
48.6	0.00756318	0.0371283	0.955308	e
48.7	0.00748755	0.0368327	0.95568	e
48.8	0.00741268	0.0365392	0.956048	e
48.9	0.00733855	0.036248	0.956413	e
49	0.00726516	0.0359589	0.956776	e
49.1	0.00719251	0.0356719	0.957136	e
49.2	0.00712059	0.0353872	0.957492	e
49.3	0.00704938	0.0351045	0.957846	e
49.4	0.00697889	0.0348239	0.958197	e
49.5	0.0069091	0.0345455	0.958545	e
49.6	0.00684001	0.0342691	0.958891	e
49.7	0.00677161	0.0339948	0.959234	e
49.8	0.00670389	0.0337226	0.959574	e
49.9	0.00663685	0.0334524	0.959911	e
50	0.00657048	0.0331843	0.960245	e
50.1	0.00650478	0.0329181	0.960577	e
50.2	0.00643973	0.032654	0.960906	e
50.3	0.00637533	0.0323918	0.961233	e
50.4	0.00631158	0.0321317	0.961557	e
50.5	0.00624846	0.0318735	0.961878	e
50.6	0.00618598	0.0316172	0.962197	e
50.7	0.00612412	0.0313629	0.962513	e
50.8	0.00606288	0.0311105	0.962827	e
50.9	0.00600225	0.0308601	0.963138	e
51	0.00594223	0.0306115	0.963446	e
51.1	0.0058828	0.0303648	0.963752	e
51.2	0.00582398	0.03012	0.964056	e
51.3	0.00576574	0.029877	0.964357	e
51.4	0.00570808	0.0296359	0.964656	e
51.5	0.005651	0.0293966	0.964952	e
51.6	0.00559449	0.0291592	0.965246	e
51.7	0.00553854	0.0289235	0.965538	e
51.8	0.00548316	0.0286897	0.965827	e
51.9	0.00542833	0.0284576	0.966114	e
52	0.00537404	0.0282273	0.966399	e
52.1	0.0053203	0.0279988	0.966681	e
52.2	0.0052671	0.027772	0.966961	e
52.3	0.00521443	0.0275469	0.967239	e
52.4	0.00516228	0.0273236	0.967514	e
52.5	0.00511066	0.027102	0.967787	e
52.6	0.00505956	0.0268821	0.968058	e
52.7	0.00500896	0.0266639	0.968327	e
52.8	0.00495887	0.0264473	0.968594	e
52.9	0.00490928	0.0262324	0.968858	e
53	0.00486019	0.0260192	0.969121	e
53.1	0.00481159	0.0258076	0.969381	e
53.2	0.00476347	0.0255976	0.969639	e
53.3	0.00471584	0.0253893	0.969895	e
53.4	0.00466868	0.0251826	0.970149	e
53.5	0.00462199	0.0249774	0.970401	e
53.6	0.00457577	0.0247739	0.97065	e
53.7	0.00453001	0.0245719	0.970898	e
53.8	0.00448471	0.0243715	0.971144	e
53.9	0.00443987	0.0241726	0.971388	e
54	0.00439547	0.0239753	0.971629	e
54.1	0.00435151	0.0237795	0.971869	e
54.2	0.004308	0.0235852	0.972107	e
54.3	0.00426492	0.0233924	0.972343	e
54.4	0.00422227	0.0232012	0.972577	e
54.5	0.00418005	0.0230114	0.972809	e
54.6	0.00413825	0.0228231	0.973039	e
54.7	0.00409686	0.0226362	0.973267	e
54.8	0.00405589	0.0224508	0.973493	e
54.9	0.00401534	0.0222669	0.973718	e
55	0.00397518	0.0220843	0.97394	e
55.1	0.00393543	0.0219033	0.974161	e
55.2	0.00389608	0.0217236	0.97438	e
55.3	0.00385712	0.0215453	0.974598	e
55.4	0.00381854	0.0213684	0.974813	e
55.5	0.00378036	0.0211929	0.975027	e
55.6	0.00374256	0.0210188	0.975239	e
55.7	0.00370513	0.020846	0.975449	e
55.8	0.00366808	0.0206746	0.975657	e
55.9	0.0036314	0.0205046	0.975864	e
56	0.00359508	0.0203358	0.976069	e
56.1	0.00355913	0.0201684	0.976272	e
56.2	0.00352354	0.0200023	0.976474	e
56.3	0.00348831	0.0198375	0.976674	e
56.4	0.00345342	0.019674	0.976873	e
56.5	0.00341889	0.0195118	0.977069	e
56.6	0.0033847	0.0193509	0.977264	e
56.7	0.00335085	0.0191912	0.977458	e
56.8	0.00331734	0.0190328	0.97765	e
56.9	0.00328417	0.0188757	0.97784	e
57	0.00325133	0.0187198	0.978029	e
57.1	0.00321882	0.0185651	0.978216	e
57.2	0.00318663	0.0184116	0.978402	e
57.3	0.00315476	0.0182594	0.978586	e
57.4	0.00312321	0.0181083	0.978768	e
57.5	0.00309198	0.0179585	0.97895	e
57.6	0.00306106	0.0178098	0.979129	e
57.7	0.00303045	0.0176623	0.979307	e
57.8	0.00300015	0.017516	0.979484	e
57.9	0.00297015	0.0173708	0.979659	e
58	0.00294044	0.0172268	0.979833	e
58.1	0.00291104	0.017084	0.980005	e
58.2	0.00288193	0.0169422	0.980176	e
58.3	0.00285311	0.0168016	0.980345	e
58.4	0.00282458	0.0166622	0.980513	e
58.5	0.00279633	0.0165238	0.98068	e
58.6	0.00276837	0.0163865	0.980845	e
58.7	0.00274069	0.0162503	0.981009	e
58.8	0.00271328	0.0161152	0.981171	e
58.9	0.00268615	0.0159812	0.981333	e
59	0.00265928	0.0158483	0.981492	e
59.1	0.00263269	0.0157164	0.981651	e
59.2	0.00260636	0.0155855	0.981808	e
59.3	0.0025803	0.0154557	0.981964	e
59.4	0.0025545	0.015327	0.982119	e
59.5	0.00252895	0.0151993	0.982272	e
59.6	0.00250366	0.0150726	0.982424	e
59.7	0.00247863	0.0149469	0.982575	e
59.8	0.00245384	0.0148222	0.982724	e
59.9	0.0024293	0.0146985	0.982872	e
60	0.00240501	0.0145758	0.983019	e
60.1	0.00238096	0.0144541	0.983165	e
60.2	0.00235715	0.0143334	0.983309	e
60.3	0.00233358	0.0142136	0.983453	e
60.4	0.00231024	0.0140948	0.983595	e
60.5	0.00228714	0.013977	0.983736	e
60.6	0.00226427	0.0138601	0.983876	e
60.7	0.00224163	0.0137441	0.984014	e
60.8	0.00221921	0.0136291	0.984152	e
60.9	0.00219702	0.013515	0.984288	e
61	0.00217505	0.0134018	0.984423	e
61.1	0.0021533	0.0132895	0.984557	e
61.2	0.00213176	0.0131782	0.98469	e
61.3	0.00211045	0.0130677	0.984822	e
61.4	0.00208934	0.0129581	0.984953	e
61.5	0.00206845	0.0128495	0.985082	e
61.6	0.00204776	0.0127416	0.985211	e
61.7	0.00202729	0.0126347	0.985338	e
61.8	0.00200701	0.0125286	0.985464	e
61.9	0.00198694	0.0124234	0.98559	e
62	0.00196707	0.012319	0.985714	e
62.1	0.0019474	0.0122155	0.985837	e
62.2	0.00192793	0.0121128	0.985959	e
62.3	0.00190865	0.012011	0.98608	e
62.4	0.00188956	0.01191	0.9862	e
62.5	0.00187067	0.0118098	0.98632	e
62.6	0.00185196	0.0117104	0.986438	e
62.7	0.00183344	0.0116118	0.986555	e
62.8	0.00181511	0.011514	0.986671	e
62.9	0.00179696	0.011417	0.986786	e
63	0.00177899	0.0113208	0.9869	e
63.1	0.0017612	0.0112254	0.987013	e
63.2	0.00174358	0.0111308	0.987126	e
63.3	0.00172615	0.0110369	0.987237	e
63.4	0.00170889	0.0109438	0.987347	e
63.5	0.0016918	0.0108514	0.987457	e
63.6	0.00167488	0.0107598	0.987565	e
63.7	0.00165813	0.010669	0.987673	e
63.8	0.00164155	0.0105789	0.98778	e
63.9	0.00162513	0.0104895	0.987885	e
64	0.00160888	0.0104009	0.98799	e
64.1	0.00159279	0.0103129	0.988094	e
64.2	0.00157687	0.0102257	0.988197	e
64.3	0.0015611	0.0101393	0.9883	e
64.4	0.00154549	0.0100535	0.988401	e
64.5	0.00153003	0.00996839	0.988502	e
64.6	0.00151473	0.00988401	0.988601	e
64.7	0.00149958	0.00980031	0.9887	e
64.8	0.00148459	0.00971731	0.988798	e
64.9	0.00146974	0.00963498	0.988895	e
65	0.00145505	0.00955333	0.988992	e
65.1	0.00144049	0.00947234	0.989087	e
65.2	0.00142609	0.00939203	0.989182	e
65.3	0.00141183	0.00931237	0.989276	e
65.4	0.00139771	0.00923336	0.989369	e
65.5	0.00138373	0.009155	0.989461	e
65.6	0.0013699	0.00907729	0.989553	e
65.7	0.0013562	0.00900022	0.989644	e
65.8	0.00134264	0.00892378	0.989734	e
65.9	0.00132921	0.00884797	0.989823	e
66	0.00131592	0.00877278	0.989911	e
66.1	0.00130276	0.00869821	0.989999	e
66.2	0.00128973	0.00862426	0.990086	e
66.3	0.00127683	0.00855091	0.990172	e
66.4	0.00126406	0.00847817	0.990258	e
66.5	0.00125142	0.00840603	0.990343	e
66.6	0.00123891	0.00833448	0.990427	e
66.7	0.00122652	0.00826353	0.99051	e
66.8	0.00121426	0.00819316	0.990593	e
66.9	0.00120211	0.00812337	0.990675	e
67	0.00119009	0.00805416	0.990756	e
67.1	0.00117819	0.00798551	0.990836	e
67.2	0.00116641	0.00791744	0.990916	e
67.3	0.00115474	0.00784993	0.990995	e
67.4	0.0011432	0.00778298	0.991074	e
67.5	0.00113177	0.00771658	0.991152	e
67.6	0.00112045	0.00765073	0.991229	e
67.7	0.00110924	0.00758543	0.991305	e
67.8	0.00109815	0.00752067	0.991381	e
67.9	0.00108717	0.00745644	0.991456	e
68	0.0010763	0.00739275	0.991531	e
68.1	0.00106553	0.00732959	0.991605	e
68.2	0.00105488	0.00726695	0.991678	e
68.3	0.00104433	0.00720482	0.991751	e
68.4	0.00103389	0.00714322	0.991823	e
68.5	0.00102355	0.00708213	0.991894	e
68.6	0.00101331	0.00702154	0.991965	e
68.7	0.00100318	0.00696146	0.992035	e
68.8	0.000993148	0.00690188	0.992105	e
68.9	0.000983216	0.00684279	0.992174	e
69	0.000973384	0.00678419	0.992242	e
69.1	0.00096365	0.00672608	0.99231	e
69.2	0.000954014	0.00666846	0.992378	e
69.3	0.000944474	0.00661132	0.992444	e
69.4	0.000935029	0.00655465	0.99251	e
69.5	0.000925679	0.00649845	0.992576	e
69.6	0.000916422	0.00644272	0.992641	e
69.7	0.000907258	0.00638746	0.992705	e
69.8	0.000898185	0.00633266	0.992769	e
69.9	0.000889203	0.00627831	0.992832	e
70	0.000880311	0.00622442	0.992895	e
70.1	0.000871508	0.00617098	0.992958	e
70.2	0.000862793	0.00611799	0.993019	e
70.3	0.000854165	0.00606543	0.99308	e
70.4	0.000845623	0.00601332	0.993141	e
70.5	0.000837167	0.00596165	0.993201	e
70.6	0.000828796	0.0059104	0.993261	e
70.7	0.000820508	0.00585958	0.99332	e
70.8	0.000812302	0.00580919	0.993379	e
70.9	0.000804179	0.00575922	0.993437	e
71	0.000796138	0.00570967	0.993494	e
71.1	0.000788176	0.00566054	0.993551	e
71.2	0.000780295	0.00561182	0.993608	e
71.3	0.000772492	0.0055635	0.993664	e
71.4	0.000764767	0.00551559	0.99372	e
71.5	0.000757119	0.00546808	0.993775	e
71.6	0.000749548	0.00542097	0.993829	e
71.7	0.000742052	0.00537426	0.993884	e
71.8	0.000734632	0.00532794	0.993937	e
71.9	0.000727285	0.005282	0.993991	e
72	0.000720013	0.00523646	0.994044	e
72.1	0.000712812	0.00519129	0.994096	e
72.2	0.000705684	0.00514651	0.994148	e
72.3	0.000698628	0.0051021	0.994199	e
72.4	0.000691641	0.00505806	0.99425	e
72.5	0.000684725	0.0050144	0.994301	e
72.6	0.000677878	0.0049711	0.994351	e
72.7	0.000671099	0.00492817	0.994401	e
72.8	0.000664388	0.0048856	0.99445	e
72.9	0.000657744	0.00484339	0.994499	e
73	0.000651167	0.00480153	0.994547	e
73.1	0.000644655	0.00476003	0.994595	e
73.2	0.000638208	0.00471887	0.994643	e
73.3	0.000631826	0.00467807	0.99469	e
73.4	0.000625508	0.0046376	0.994737	e
73.5	0.000619253	0.00459748	0.994783	e
73.6	0.00061306	0.0045577	0.994829	e
73.7	0.00060693	0.00451825	0.994875	e
73.8	0.00060086	0.00447914	0.99492	e
73.9	0.000594852	0.00444036	0.994965	e
74	0.000588903	0.0044019	0.995009	e
74.1	0.000583014	0.00436377	0.995053	e
74.2	0.000577184	0.00432597	0.995097	e
74.3	0.000571412	0.00428848	0.99514	e
74.4	0.000565698	0.00425131	0.995183	e
74.5	0.000560041	0.00421445	0.995226	e
74.6	0.000554441	0.00417791	0.995268	e
74.7	0.000548896	0.00414167	0.995309	e
74.8	0.000543407	0.00410574	0.995351	e
74.9	0.000537973	0.00407012	0.995392	e
0	1	0	0	a
0.1	0.990066	0.0098895	4.5e-05	a
0.2	0.980199	0.0195975	0.0002035	a
0.3	0.970579	0.02897	0.000451	a
0.4	0.960828	0.0383895	0.000782	a
0.5	0.951318	0.047485	0.001197	a
0.6	0.941848	0.05646	0.001692	a
0.7	0.932626	0.065097	0.002277	a
0.8	0.923333	0.0736435	0.003024	a
0.9	0.914114	0.0820915	0.003795	a
1	0.904952	0.090385	0.004663	a
1.1	0.895861	0.098536	0.0056025	a
1.2	0.886851	0.106508	0.006641	a
1.3	0.877985	0.11435	0.007665	a
1.4	0.869076	0.122127	0.0087975	a
1.5	0.860271	0.129702	0.010027	a
1.6	0.85169	0.136936	0.0113735	a
1.7	0.843025	0.144209	0.0127665	a
1.8	0.834549	0.151222	0.0142295	a
1.9	0.826265	0.157956	0.0157795	a
2	0.818096	0.164557	0.0173465	a
2.1	0.809906	0.171097	0.0189975	a
2.2	0.801897	0.177324	0.0207785	a
2.3	0.793845	0.183513	0.022641	a
2.4	0.785932	0.189511	0.024557	a
2.5	0.777953	0.195547	0.0264995	a
2.6	0.770091	0.201386	0.0285225	a
2.7	0.762427	0.206953	0.0306205	a
2.8	0.754891	0.212361	0.032748	a
2.9	0.747438	0.217679	0.034883	a
3	0.740007	0.222908	0.0370855	a
3.1	0.732474	0.228247	0.0392795	a
3.2	0.725285	0.233125	0.0415895	a
3.3	0.718124	0.238049	0.0438265	a
3.4	0.710986	0.242656	0.0463575	a
3.5	0.703777	0.247346	0.048877	a
3.6	0.696965	0.251723	0.051312	a
3.7	0.69013	0.256033	0.0538365	a
3.8	0.683203	0.260379	0.056418	a
3.9	0.676451	0.264502	0.0590475	a
4	0.669615	0.268602	0.061783	a
4.1	0.662799	0.272649	0.064551	a
4.2	0.656199	0.276537	0.0672635	a
4.3	0.649729	0.28031	0.0699605	a
4.4	0.643296	0.283937	0.072767	a
4.5	0.636876	0.287725	0.075399	a
4.6	0.630431	0.291137	0.078432	a
4.7	0.624275	0.294432	0.0812935	a
4.8	0.618075	0.2977	0.0842245	a
4.9	0.612024	0.300655	0.0873205	a
5	0.606031	0.303662	0.090307	a
5.1	0.600074	0.3066	0.093326	a
5.2	0.594114	0.309323	0.096563	a
5.3	0.58807	0.312355	0.0995745	a
5.4	0.582152	0.315099	0.102749	a
5.5	0.57643	0.317645	0.105926	a
5.6	0.570513	0.320201	0.109286	a
5.7	0.56493	0.322728	0.112342	a
5.8	0.559323	0.325086	0.115591	a
5.9	0.553834	0.327281	0.118885	a
6	0.548469	0.329553	0.121979	a
6.1	0.542951	0.331661	0.125388	a
6.2	0.53774	0.333692	0.128568	a
6.3	0.532728	0.335495	0.131777	a
6.4	0.527391	0.337344	0.135265	a
6.5	0.522188	0.339145	0.138667	a
6.6	0.517081	0.340844	0.142074	a
6.7	0.511916	0.342467	0.145617	a
6.8	0.506648	0.344344	0.149008	a
6.9	0.501748	0.345825	0.152427	a
7	0.496806	0.347314	0.155881	a
7.1	0.491758	0.348967	0.159275	a
7.2	0.487023	0.350262	0.162715	a
7.3	0.482156	0.351365	0.166479	a
7.4	0.477527	0.352532	0.169941	a
7.5	0.472723	0.353795	0.173482	a
7.6	0.467941	0.35515	0.176909	a
7.7	0.463282	0.35628	0.180437	a
7.8	0.458964	0.357164	0.183872	a
7.9	0.454646	0.358136	0.187218	a
8	0.450338	0.359024	0.190637	a
8.1	0.445894	0.360014	0.194093	a
8.2	0.441659	0.360517	0.197823	a
8.3	0.437257	0.361555	0.201188	a
8.4	0.432799	0.362206	0.204995	a
8.5	0.428548	0.362911	0.208541	a
8.6	0.424156	0.363653	0.212191	a
8.7	0.419853	0.364312	0.215835	a
8.8	0.415863	0.364677	0.21946	a
8.9	0.411915	0.36523	0.222855	a
9	0.407512	0.3661	0.226388	a
9.1	0.403463	0.366372	0.230164	a
9.2	0.399479	0.366557	0.233964	a
9.3	0.395263	0.366879	0.237858	a
9.4	0.391381	0.367072	0.241547	a
9.5	0.387414	0.367384	0.245201	a
9.6	0.38353	0.367732	0.248738	a
9.7	0.380011	0.367576	0.252412	a
9.8	0.376291	0.367349	0.256359	a
9.9	0.372538	0.367316	0.260147	a
10	0.368768	0.367526	0.263705	a
10.1	0.364992	0.367459	0.267549	a
10.2	0.361247	0.367394	0.271359	a
10.3	0.357557	0.367439	0.275004	a
10.4	0.354109	0.367154	0.278736	a
10.5	0.350606	0.36697	0.282423	a
10.6	0.347048	0.366797	0.286156	a
10.7	0.343782	0.36631	0.289908	a
10.8	0.340572	0.365788	0.293641	a
10.9	0.33729	0.365478	0.297231	a
11	0.333771	0.365382	0.300847	a
11.1	0.330539	0.365083	0.304378	a
11.2	0.327191	0.364695	0.308114	a
11.3	0.324064	0.364105	0.31183	a
11.4	0.320761	0.363574	0.315665	a
11.5	0.317454	0.36314	0.319406	a
11.6	0.314277	0.362638	0.323086	a
11.7	0.311016	0.362175	0.326809	a
11.8	0.307829	0.361887	0.330284	a
11.9	0.305027	0.36112	0.333853	a
12	0.302075	0.360408	0.337516	a
12.1	0.299068	0.359693	0.341239	a
12.2	0.295917	0.359206	0.344876	a
12.3	0.29293	0.358598	0.348471	a
12.4	0.289751	0.358189	0.352059	a
12.5	0.286816	0.357708	0.355475	a
12.6	0.283674	0.356889	0.359436	a
12.7	0.280929	0.355897	0.363174	a
12.8	0.278121	0.355168	0.366711	a
12.9	0.275518	0.354322	0.37016	a
13	0.272759	0.353403	0.373838	a
13.1	0.269969	0.352425	0.377606	a
13.2	0.267235	0.351491	0.381275	a
13.3	0.264474	0.350778	0.384749	a
13.4	0.262086	0.349755	0.38816	a
13.5	0.259431	0.348971	0.391598	a
13.6	0.256797	0.348274	0.394929	a
13.7	0.254146	0.347461	0.398393	a
13.8	0.251384	0.346698	0.401918	a
13.9	0.248895	0.345821	0.405284	a
14	0.246415	0.344782	0.408803	a
14.1	0.243891	0.344101	0.412008	a
14.2	0.241428	0.343239	0.415332	a
14.3	0.239173	0.342147	0.41868	a
14.4	0.236933	0.341016	0.422051	a
14.5	0.234286	0.339892	0.425822	a
14.6	0.231841	0.338891	0.429269	a
14.7	0.229478	0.337777	0.432744	a
14.8	0.22728	0.336479	0.436241	a
14.9	0.224844	0.335181	0.439976	a
15	0.222672	0.33388	0.443448	a
15.1	0.220622	0.332823	0.446555	a
15.2	0.218208	0.331549	0.450243	a
15.3	0.215895	0.330436	0.453669	a
15.4	0.213735	0.329249	0.457015	a
15.5	0.211511	0.328172	0.460317	a
15.6	0.209422	0.32703	0.463548	a
15.7	0.207324	0.326022	0.466655	a
15.8	0.205352	0.32479	0.469858	a
15.9	0.203506	0.323647	0.472847	a
16	0.201304	0.322433	0.476263	a
16.1	0.199332	0.321191	0.479477	a
16.2	0.197304	0.319721	0.482975	a
16.3	0.195401	0.318416	0.486184	a
16.4	0.193631	0.317422	0.488948	a
16.5	0.191621	0.316039	0.49234	a
16.6	0.189723	0.314763	0.495514	a
16.7	0.187747	0.313535	0.498718	a
16.8	0.185887	0.312293	0.501821	a
16.9	0.184149	0.310932	0.504919	a
17	0.182279	0.30967	0.508051	a
17.1	0.180398	0.308319	0.511282	a
17.2	0.17867	0.307257	0.514073	a
17.3	0.176733	0.306073	0.517194	a
17.4	0.174688	0.304893	0.520419	a
17.5	0.173	0.303536	0.523464	a
17.6	0.171339	0.302193	0.526469	a
17.7	0.169508	0.301143	0.52935	a
17.8	0.167867	0.299727	0.532407	a
17.9	0.166334	0.29828	0.535386	a
18	0.164557	0.297068	0.538375	a
18.1	0.1629	0.295501	0.541599	a
18.2	0.161249	0.294152	0.544599	a
18.3	0.159615	0.292884	0.5475	a
18.4	0.15798	0.291518	0.550503	a
18.5	0.156512	0.289694	0.553794	a
18.6	0.155177	0.288168	0.556655	a
18.7	0.153559	0.287201	0.559241	a
18.8	0.152136	0.285721	0.562143	a
18.9	0.150804	0.284464	0.564732	a
19	0.149294	0.282969	0.567736	a
19.1	0.148066	0.281609	0.570325	a
19.2	0.146648	0.280384	0.572968	a
19.3	0.145223	0.278787	0.57599	a
19.4	0.143785	0.277329	0.578886	a
19.5	0.142433	0.275846	0.58172	a
19.6	0.140732	0.274546	0.584722	a
19.7	0.139444	0.27289	0.587666	a
19.8	0.137848	0.271634	0.590518	a
19.9	0.136222	0.270212	0.593565	a
20	0.134984	0.26901	0.596006	a
20.1	0.133594	0.267415	0.598991	a
20.2	0.1323	0.265858	0.601842	a
20.3	0.130798	0.264429	0.604773	a
20.4	0.129421	0.263261	0.607318	a
20.5	0.128043	0.261924	0.610034	a
20.6	0.126706	0.260795	0.612499	a
20.7	0.12548	0.259401	0.615119	a
20.8	0.124356	0.257957	0.617688	a
20.9	0.123044	0.256478	0.620478	a
21	0.121853	0.255158	0.622989	a
21.1	0.120746	0.254008	0.625246	a
21.2	0.119495	0.252789	0.627715	a
21.3	0.118294	0.251552	0.630154	a
21.4	0.117249	0.250232	0.632518	a
21.5	0.115978	0.248764	0.635258	a
21.6	0.114794	0.247651	0.637555	a
21.7	0.113694	0.246332	0.639973	a
21.8	0.112579	0.24503	0.642391	a
21.9	0.11149	0.24342	0.64509	a
22	0.110239	0.242126	0.647635	a
22.1	0.109291	0.240811	0.649898	a
22.2	0.10838	0.239507	0.652114	a
22.3	0.107211	0.23809	0.6547	a
22.4	0.106197	0.236924	0.656878	a
22.5	0.10532	0.235537	0.659143	a
22.6	0.104348	0.234195	0.661457	a
22.7	0.10331	0.232966	0.663724	a
22.8	0.102195	0.231811	0.665994	a
22.9	0.101035	0.230539	0.668427	a
23	0.100006	0.229194	0.6708	a
23.1	0.0988345	0.227802	0.673364	a
23.2	0.0979235	0.226528	0.675549	a
23.3	0.096852	0.225234	0.677914	a
23.4	0.095897	0.22383	0.680273	a
23.5	0.094856	0.222634	0.68251	a
23.6	0.093697	0.221323	0.68498	a
23.7	0.09278	0.220052	0.687168	a
23.8	0.0918625	0.218862	0.689276	a
23.9	0.0908025	0.217697	0.6915	a
24	0.0898645	0.216458	0.693677	a
24.1	0.0890595	0.215332	0.695609	a
24.2	0.0881205	0.214092	0.697788	a
24.3	0.0874245	0.212731	0.699844	a
24.4	0.086584	0.211394	0.702022	a
24.5	0.08578	0.210214	0.704006	a
24.6	0.0848775	0.20918	0.705943	a
24.7	0.08395	0.208153	0.707897	a
24.8	0.083135	0.206903	0.709963	a
24.9	0.082141	0.205755	0.712104	a
25	0.081299	0.204504	0.714198	a
25.1	0.0804785	0.203318	0.716203	a
25.2	0.0796915	0.202053	0.718255	a
25.3	0.078728	0.200995	0.720276	a
25.4	0.0778685	0.199753	0.722379	a
25.5	0.0770685	0.198849	0.724082	a
25.6	0.0761175	0.197695	0.726187	a
25.7	0.075384	0.196692	0.727923	a
25.8	0.074596	0.195457	0.729947	a
25.9	0.073905	0.194314	0.731781	a
26	0.0732055	0.193308	0.733486	a
26.1	0.0723095	0.192006	0.735684	a
26.2	0.0716095	0.190782	0.737609	a
26.3	0.070951	0.189666	0.739383	a
26.4	0.07025	0.188467	0.741283	a
26.5	0.069473	0.18709	0.743437	a
26.6	0.068772	0.185978	0.74525	a
26.7	0.068078	0.184663	0.74726	a
26.8	0.0673405	0.183321	0.749339	a
26.9	0.0665505	0.181918	0.751531	a
27	0.065868	0.180903	0.753229	a
27.1	0.0652275	0.179748	0.755024	a
27.2	0.064648	0.178554	0.756798	a
27.3	0.0640725	0.177345	0.758582	a
27.4	0.0633545	0.176195	0.760451	a
27.5	0.062799	0.175015	0.762186	a
27.6	0.0620325	0.173961	0.764006	a
27.7	0.061484	0.172769	0.765746	a
27.8	0.060929	0.171457	0.767615	a
27.9	0.060327	0.170259	0.769414	a
28	0.0597365	0.169217	0.771046	a
28.1	0.059107	0.168073	0.772819	a
28.2	0.058631	0.167033	0.774336	a
28.3	0.058038	0.166119	0.775844	a
28.4	0.0575265	0.165036	0.777438	a
28.5	0.0569115	0.163858	0.779231	a
28.6	0.0563895	0.162671	0.78094	a
28.7	0.055929	0.161648	0.782423	a
28.8	0.055229	0.160607	0.784164	a
28.9	0.054739	0.159445	0.785816	a
29	0.054209	0.15853	0.787261	a
29.1	0.053748	0.157367	0.788884	a
29.2	0.053241	0.156395	0.790364	a
29.3	0.052641	0.155123	0.792236	a
29.4	0.052152	0.154094	0.793754	a
29.5	0.051597	0.153161	0.795242	a
29.6	0.0510815	0.151927	0.796991	a
29.7	0.050686	0.150642	0.798672	a
29.8	0.0502485	0.149462	0.80029	a
29.9	0.0497595	0.148367	0.801874	a
30	0.0492645	0.147282	0.803454	a
30.1	0.048733	0.146138	0.80513	a
30.2	0.0481845	0.145219	0.806597	a
30.3	0.047745	0.144326	0.807928	a
30.4	0.047368	0.143244	0.809388	a
30.5	0.046974	0.142332	0.810694	a
30.6	0.046468	0.141481	0.812051	a
30.7	0.0460305	0.14032	0.81365	a
30.8	0.0457215	0.139295	0.814983	a
30.9	0.0452475	0.138257	0.816496	a
31	0.044869	0.137279	0.817852	a
31.1	0.0444365	0.136465	0.819098	a
31.2	0.044099	0.135374	0.820526	a
31.3	0.043615	0.134506	0.821879	a
31.4	0.043135	0.133687	0.823178	a
31.5	0.0426565	0.132722	0.824621	a
31.6	0.0422865	0.131718	0.825995	a
31.7	0.0418965	0.130838	0.827265	a
31.8	0.041293	0.129983	0.828724	a
31.9	0.0409235	0.128981	0.830095	a
32	0.040425	0.128124	0.831451	a
32.1	0.040067	0.127251	0.832682	a
32.2	0.0397225	0.126472	0.833805	a
32.3	0.0392155	0.125606	0.835178	a
32.4	0.0387145	0.124847	0.836438	a
32.5	0.038354	0.123755	0.837891	a
32.6	0.037952	0.122952	0.839096	a
32.7	0.037516	0.12217	0.840315	a
32.8	0.037145	0.121297	0.841558	a
32.9	0.036813	0.120624	0.842563	a
33	0.036439	0.119712	0.843849	a
33.1	0.0360165	0.118801	0.845183	a
33.2	0.035732	0.118091	0.846177	a
33.3	0.035322	0.117299	0.847379	a
33.4	0.0350265	0.116426	0.848548	a
33.5	0.034641	0.115558	0.849801	a
33.6	0.0343225	0.11489	0.850787	a
33.7	0.0340365	0.11414	0.851824	a
33.8	0.033815	0.113555	0.852631	a
33.9	0.033506	0.11274	0.853754	a
34	0.033227	0.112073	0.8547	a
34.1	0.033008	0.111425	0.855567	a
34.2	0.032648	0.110773	0.856579	a
34.3	0.0323915	0.10996	0.857649	a
34.4	0.032041	0.109295	0.858664	a
34.5	0.031675	0.108333	0.859992	a
34.6	0.031377	0.107463	0.86116	a
34.7	0.0310575	0.106813	0.862129	a
34.8	0.03075	0.106015	0.863235	a
34.9	0.030438	0.105319	0.864243	a
35	0.030174	0.104489	0.865337	a
35.1	0.0298245	0.103664	0.866512	a
35.2	0.0294975	0.102884	0.867619	a
35.3	0.02917	0.10216	0.868671	a
35.4	0.028884	0.101532	0.869584	a
35.5	0.028643	0.100571	0.870786	a
35.6	0.0283065	0.0998795	0.871814	a
35.7	0.0279985	0.0991235	0.872878	a
35.8	0.0276295	0.098558	0.873812	a
35.9	0.0273455	0.097693	0.874961	a
36	0.0271045	0.096987	0.875908	a
36.1	0.0268125	0.0965875	0.8766	a
36.2	0.0266095	0.095931	0.877459	a
36.3	0.0263265	0.095083	0.878591	a
36.4	0.0260665	0.0945805	0.879353	a
36.5	0.0257905	0.093863	0.880347	a
36.6	0.0254995	0.093198	0.881302	a
36.7	0.0252695	0.092363	0.882367	a
36.8	0.025043	0.0916735	0.883283	a
36.9	0.0247975	0.090944	0.884258	a
37	0.024587	0.090285	0.885128	a
37.1	0.0243605	0.0896155	0.886024	a
37.2	0.024064	0.088974	0.886962	a
37.3	0.0239465	0.088459	0.887594	a
37.4	0.023671	0.0879645	0.888365	a
37.5	0.0234385	0.087284	0.889277	a
37.6	0.0232325	0.086726	0.890042	a
37.7	0.022987	0.086131	0.890882	a
37.8	0.0227515	0.0855875	0.891661	a
37.9	0.022603	0.085037	0.89236	a
38	0.022374	0.0843855	0.893241	a
38.1	0.0221945	0.083802	0.894003	a
38.2	0.022022	0.083163	0.894815	a
38.3	0.0217885	0.0825515	0.89566	a
38.4	0.0215275	0.0819375	0.896535	a
38.5	0.021275	0.0813475	0.897377	a
38.6	0.0210485	0.080874	0.898077	a
38.7	0.0208245	0.0804615	0.898714	a
38.8	0.020662	0.079714	0.899624	a
38.9	0.0204345	0.0790665	0.900499	a
39	0.020146	0.078328	0.901526	a
39.1	0.0200465	0.0778005	0.902153	a
39.2	0.019796	0.077178	0.903026	a
39.3	0.0196115	0.076518	0.903871	a
39.4	0.0193695	0.076072	0.904558	a
39.5	0.019163	0.0754895	0.905348	a
39.6	0.018916	0.074933	0.906151	a
39.7	0.018693	0.0743065	0.907	a
39.8	0.0185535	0.073688	0.907758	a
39.9	0.018403	0.072976	0.908621	a
40	0.018229	0.072488	0.909283	a
40.1	0.0180725	0.0720295	0.909898	a
40.2	0.0179445	0.0716185	0.910437	a
40.3	0.017789	0.07119	0.911021	a
40.4	0.017678	0.0706035	0.911718	a
40.5	0.017498	0.069993	0.912509	a
